91 92 93 94 95 96 97 80 81 82 83 84 85 #2356
91 92 93 94 95 96 97 80 81 82 83 84 85 86  # 2416
91 92 93 94 95 96 97 80 81 82 83 84 85 87  # 2420
91 92 93 94 95 96 97 80 81 82 83 84 85 86 87  # 2480
91 92 93 94 95 96 97 80 81 82 83 84 85 88  # 2388
91 92 93 94 95 96 97 80 81 82 83 84 85 86 88  # 2448
91 92 93 94 95 96 97 80 81 82 83 84 85 87 88  # 2452
91 92 93 94 95 96 97 80 81 82 83 84 85 86 87 88  # 2512
91 92 93 94 95 96 97 80 81 82 83 84 85 89  # 2436
91 92 93 94 95 96 97 80 81 82 83 84 85 86 89  # 2496
91 92 93 94 95 96 97 80 81 82 83 84 85 87 89  # 2500
91 92 93 94 95 96 97 80 81 82 83 84 85 86 87 89  # 2560
91 92 93 94 95 96 97 80 81 82 83 84 85 88 89  # 2468
91 92 93 94 95 96 97 80 81 82 83 84 85 86 88 89  # 2528
91 92 93 94 95 96 97 80 81 82 83 84 85 87 88 89  # 2532
91 92 93 94 95 96 97 80 81 82 83 84 85 86 87 88 89  # 2592
91 92 93 94 95 96 97 80 81 82 83 84 85 90  # 2396
91 92 93 94 95 96 97 80 81 82 83 84 85 86 90  # 2456
91 92 93 94 95 96 97 80 81 82 83 84 85 87 90  # 2460
91 92 93 94 95 96 97 80 81 82 83 84 85 86 87 90  # 2520
91 92 93 94 95 96 97 80 81 82 83 84 85 88 90  # 2428
91 92 93 94 95 96 97 80 81 82 83 84 85 86 88 90  # 2488
91 92 93 94 95 96 97 80 81 82 83 84 85 87 88 90  # 2492
91 92 93 94 95 96 97 80 81 82 83 84 85 86 87 88 90  # 2552
91 92 93 94 95 96 97 80 81 82 83 84 85 89 90  # 2476
91 92 93 94 95 96 97 80 81 82 83 84 85 86 89 90  # 2536
91 92 93 94 95 96 97 80 81 82 83 84 85 87 89 90  # 2540
91 92 93 94 95 96 97 80 81 82 83 84 85 86 87 89 90  # 2600
91 92 93 94 95 96 97 80 81 82 83 84 85 88 89 90  # 2508
91 92 93 94 95 96 97 80 81 82 83 84 85 86 88 89 90  # 2568
91 92 93 94 95 96 97 80 81 82 83 84 85 87 88 89 90  # 2572
91 92 93 94 95 96 97 80 81 82 83 84 85 86 87 88 89 90  # 2632
91 92 93 94 95 96 97 80 81 82 83 84 86 #2256
91 92 93 94 95 96 97 80 81 82 83 84 86 87  # 2320
91 92 93 94 95 96 97 80 81 82 83 84 86 88  # 2288
91 92 93 94 95 96 97 80 81 82 83 84 86 87 88  # 2352
91 92 93 94 95 96 97 80 81 82 83 84 86 89  # 2336
91 92 93 94 95 96 97 80 81 82 83 84 86 87 89  # 2400
91 92 93 94 95 96 97 80 81 82 83 84 86 88 89  # 2368
91 92 93 94 95 96 97 80 81 82 83 84 86 87 88 89  # 2432
91 92 93 94 95 96 97 80 81 82 83 84 86 90  # 2296
91 92 93 94 95 96 97 80 81 82 83 84 86 87 90  # 2360
91 92 93 94 95 96 97 80 81 82 83 84 86 88 90  # 2328
91 92 93 94 95 96 97 80 81 82 83 84 86 87 88 90  # 2392
91 92 93 94 95 96 97 80 81 82 83 84 86 89 90  # 2376
91 92 93 94 95 96 97 80 81 82 83 84 86 87 89 90  # 2440
91 92 93 94 95 96 97 80 81 82 83 84 86 88 89 90  # 2408
91 92 93 94 95 96 97 80 81 82 83 84 86 87 88 89 90  # 2472
91 92 93 94 95 96 97 80 81 82 83 84 87 #2260
91 92 93 94 95 96 97 80 81 82 83 84 87 88  # 2292
91 92 93 94 95 96 97 80 81 82 83 84 87 89  # 2340
91 92 93 94 95 96 97 80 81 82 83 84 87 88 89  # 2372
91 92 93 94 95 96 97 80 81 82 83 84 87 90  # 2300
91 92 93 94 95 96 97 80 81 82 83 84 87 88 90  # 2332
91 92 93 94 95 96 97 80 81 82 83 84 87 89 90  # 2380
91 92 93 94 95 96 97 80 81 82 83 84 87 88 89 90  # 2412
91 92 93 94 95 96 97 80 81 82 83 84 88 89  # 2308
91 92 93 94 95 96 97 80 81 82 83 84 88 90  # 2268
91 92 93 94 95 96 97 80 81 82 83 84 88 89 90  # 2348
91 92 93 94 95 96 97 80 81 82 83 84 89 #2276
91 92 93 94 95 96 97 80 81 82 83 84 89 90  # 2316
91 92 93 94 95 96 97 80 81 82 83 85 86 87  # 2284
91 92 93 94 95 96 97 80 81 82 83 85 86 88  # 2252
91 92 93 94 95 96 97 80 81 82 83 85 86 87 88  # 2316
91 92 93 94 95 96 97 80 81 82 83 85 86 89  # 2300
91 92 93 94 95 96 97 80 81 82 83 85 86 87 89  # 2364
91 92 93 94 95 96 97 80 81 82 83 85 86 88 89  # 2332
91 92 93 94 95 96 97 80 81 82 83 85 86 87 88 89  # 2396
91 92 93 94 95 96 97 80 81 82 83 85 86 90  # 2260
91 92 93 94 95 96 97 80 81 82 83 85 86 87 90  # 2324
91 92 93 94 95 96 97 80 81 82 83 85 86 88 90  # 2292
91 92 93 94 95 96 97 80 81 82 83 85 86 87 88 90  # 2356
91 92 93 94 95 96 97 80 81 82 83 85 86 89 90  # 2340
91 92 93 94 95 96 97 80 81 82 83 85 86 87 89 90  # 2404
91 92 93 94 95 96 97 80 81 82 83 85 86 88 89 90  # 2372
91 92 93 94 95 96 97 80 81 82 83 85 86 87 88 89 90  # 2436
91 92 93 94 95 96 97 80 81 82 83 85 87 88  # 2256
91 92 93 94 95 96 97 80 81 82 83 85 87 89  # 2304
91 92 93 94 95 96 97 80 81 82 83 85 87 88 89  # 2336
91 92 93 94 95 96 97 80 81 82 83 85 87 90  # 2264
91 92 93 94 95 96 97 80 81 82 83 85 87 88 90  # 2296
91 92 93 94 95 96 97 80 81 82 83 85 87 89 90  # 2344
91 92 93 94 95 96 97 80 81 82 83 85 87 88 89 90  # 2376
91 92 93 94 95 96 97 80 81 82 83 85 88 89 #2272
91 92 93 94 95 96 97 80 81 82 83 85 88 89 90  # 2312
91 92 93 94 95 96 97 80 81 82 83 85 89 90  # 2280
91 92 93 94 95 96 97 80 81 82 83 86 87 88 89 90  # 2276
91 92 93 94 95 96 97 80 81 82 84 85 #2308
91 92 93 94 95 96 97 80 81 82 84 85 86  # 2368
91 92 93 94 95 96 97 80 81 82 84 85 87  # 2372
91 92 93 94 95 96 97 80 81 82 84 85 86 87  # 2432
91 92 93 94 95 96 97 80 81 82 84 85 88  # 2340
91 92 93 94 95 96 97 80 81 82 84 85 86 88  # 2400
91 92 93 94 95 96 97 80 81 82 84 85 87 88  # 2404
91 92 93 94 95 96 97 80 81 82 84 85 86 87 88  # 2464
91 92 93 94 95 96 97 80 81 82 84 85 89  # 2388
91 92 93 94 95 96 97 80 81 82 84 85 86 89  # 2448
91 92 93 94 95 96 97 80 81 82 84 85 87 89  # 2452
91 92 93 94 95 96 97 80 81 82 84 85 86 87 89  # 2512
91 92 93 94 95 96 97 80 81 82 84 85 88 89  # 2420
91 92 93 94 95 96 97 80 81 82 84 85 86 88 89  # 2480
91 92 93 94 95 96 97 80 81 82 84 85 87 88 89  # 2484
91 92 93 94 95 96 97 80 81 82 84 85 86 87 88 89  # 2544
91 92 93 94 95 96 97 80 81 82 84 85 90  # 2348
91 92 93 94 95 96 97 80 81 82 84 85 86 90  # 2408
91 92 93 94 95 96 97 80 81 82 84 85 87 90  # 2412
91 92 93 94 95 96 97 80 81 82 84 85 86 87 90  # 2472
91 92 93 94 95 96 97 80 81 82 84 85 88 90  # 2380
91 92 93 94 95 96 97 80 81 82 84 85 86 88 90  # 2440
91 92 93 94 95 96 97 80 81 82 84 85 87 88 90  # 2444
91 92 93 94 95 96 97 80 81 82 84 85 86 87 88 90  # 2504
91 92 93 94 95 96 97 80 81 82 84 85 89 90  # 2428
91 92 93 94 95 96 97 80 81 82 84 85 86 89 90  # 2488
91 92 93 94 95 96 97 80 81 82 84 85 87 89 90  # 2492
91 92 93 94 95 96 97 80 81 82 84 85 86 87 89 90  # 2552
91 92 93 94 95 96 97 80 81 82 84 85 88 89 90  # 2460
91 92 93 94 95 96 97 80 81 82 84 85 86 88 89 90  # 2520
91 92 93 94 95 96 97 80 81 82 84 85 87 88 89 90  # 2524
91 92 93 94 95 96 97 80 81 82 84 85 86 87 88 89 90  # 2584
91 92 93 94 95 96 97 80 81 82 84 86 87 #2272
91 92 93 94 95 96 97 80 81 82 84 86 87 88  # 2304
91 92 93 94 95 96 97 80 81 82 84 86 87 89  # 2352
91 92 93 94 95 96 97 80 81 82 84 86 87 88 89  # 2384
91 92 93 94 95 96 97 80 81 82 84 86 87 90  # 2312
91 92 93 94 95 96 97 80 81 82 84 86 87 88 90  # 2344
91 92 93 94 95 96 97 80 81 82 84 86 87 89 90  # 2392
91 92 93 94 95 96 97 80 81 82 84 86 87 88 89 90  # 2424
91 92 93 94 95 96 97 80 81 82 84 86 88 89  # 2320
91 92 93 94 95 96 97 80 81 82 84 86 88 90  # 2280
91 92 93 94 95 96 97 80 81 82 84 86 88 89 90  # 2360
91 92 93 94 95 96 97 80 81 82 84 86 89 #2288
91 92 93 94 95 96 97 80 81 82 84 86 89 90  # 2328
91 92 93 94 95 96 97 80 81 82 84 86 90 #2248
91 92 93 94 95 96 97 80 81 82 84 87 88 89  # 2324
91 92 93 94 95 96 97 80 81 82 84 87 88 90  # 2284
91 92 93 94 95 96 97 80 81 82 84 87 88 89 90  # 2364
91 92 93 94 95 96 97 80 81 82 84 87 89 #2292
91 92 93 94 95 96 97 80 81 82 84 87 89 90  # 2332
91 92 93 94 95 96 97 80 81 82 84 87 90 #2252
91 92 93 94 95 96 97 80 81 82 84 88 89 #2260
91 92 93 94 95 96 97 80 81 82 84 88 89 90  # 2300
91 92 93 94 95 96 97 80 81 82 84 89 90  # 2268
91 92 93 94 95 96 97 80 81 82 85 86 87 88  # 2268
91 92 93 94 95 96 97 80 81 82 85 86 87 89  # 2316
91 92 93 94 95 96 97 80 81 82 85 86 87 88 89  # 2348
91 92 93 94 95 96 97 80 81 82 85 86 87 90  # 2276
91 92 93 94 95 96 97 80 81 82 85 86 87 88 90  # 2308
91 92 93 94 95 96 97 80 81 82 85 86 87 89 90  # 2356
91 92 93 94 95 96 97 80 81 82 85 86 87 88 89 90  # 2388
91 92 93 94 95 96 97 80 81 82 85 86 88 89 #2284
91 92 93 94 95 96 97 80 81 82 85 86 88 89 90  # 2324
91 92 93 94 95 96 97 80 81 82 85 86 89 #2252
91 92 93 94 95 96 97 80 81 82 85 86 89 90  # 2292
91 92 93 94 95 96 97 80 81 82 85 87 88 89  # 2288
91 92 93 94 95 96 97 80 81 82 85 87 88 90  # 2248
91 92 93 94 95 96 97 80 81 82 85 87 88 89 90  # 2328
91 92 93 94 95 96 97 80 81 82 85 87 89 #2256
91 92 93 94 95 96 97 80 81 82 85 87 89 90  # 2296
91 92 93 94 95 96 97 80 81 82 85 88 89 90  # 2264
91 92 93 94 95 96 97 80 81 83 84 85 86 #2272
91 92 93 94 95 96 97 80 81 83 84 85 86 87  # 2336
91 92 93 94 95 96 97 80 81 83 84 85 86 88  # 2304
91 92 93 94 95 96 97 80 81 83 84 85 86 87 88  # 2368
91 92 93 94 95 96 97 80 81 83 84 85 86 89  # 2352
91 92 93 94 95 96 97 80 81 83 84 85 86 87 89  # 2416
91 92 93 94 95 96 97 80 81 83 84 85 86 88 89  # 2384
91 92 93 94 95 96 97 80 81 83 84 85 86 87 88 89  # 2448
91 92 93 94 95 96 97 80 81 83 84 85 86 90  # 2312
91 92 93 94 95 96 97 80 81 83 84 85 86 87 90  # 2376
91 92 93 94 95 96 97 80 81 83 84 85 86 88 90  # 2344
91 92 93 94 95 96 97 80 81 83 84 85 86 87 88 90  # 2408
91 92 93 94 95 96 97 80 81 83 84 85 86 89 90  # 2392
91 92 93 94 95 96 97 80 81 83 84 85 86 87 89 90  # 2456
91 92 93 94 95 96 97 80 81 83 84 85 86 88 89 90  # 2424
91 92 93 94 95 96 97 80 81 83 84 85 86 87 88 89 90  # 2488
91 92 93 94 95 96 97 80 81 83 84 85 87 #2276
91 92 93 94 95 96 97 80 81 83 84 85 87 88  # 2308
91 92 93 94 95 96 97 80 81 83 84 85 87 89  # 2356
91 92 93 94 95 96 97 80 81 83 84 85 87 88 89  # 2388
91 92 93 94 95 96 97 80 81 83 84 85 87 90  # 2316
91 92 93 94 95 96 97 80 81 83 84 85 87 88 90  # 2348
91 92 93 94 95 96 97 80 81 83 84 85 87 89 90  # 2396
91 92 93 94 95 96 97 80 81 83 84 85 87 88 89 90  # 2428
91 92 93 94 95 96 97 80 81 83 84 85 88 89  # 2324
91 92 93 94 95 96 97 80 81 83 84 85 88 90  # 2284
91 92 93 94 95 96 97 80 81 83 84 85 88 89 90  # 2364
91 92 93 94 95 96 97 80 81 83 84 85 89 #2292
91 92 93 94 95 96 97 80 81 83 84 85 89 90  # 2332
91 92 93 94 95 96 97 80 81 83 84 85 90 #2252
91 92 93 94 95 96 97 80 81 83 84 86 87 88 89  # 2288
91 92 93 94 95 96 97 80 81 83 84 86 87 88 90  # 2248
91 92 93 94 95 96 97 80 81 83 84 86 87 88 89 90  # 2328
91 92 93 94 95 96 97 80 81 83 84 86 87 89 #2256
91 92 93 94 95 96 97 80 81 83 84 86 87 89 90  # 2296
91 92 93 94 95 96 97 80 81 83 84 86 88 89 90  # 2264
91 92 93 94 95 96 97 80 81 83 84 87 88 89 90  # 2268
91 92 93 94 95 96 97 80 81 83 85 86 87 88 89 #2252
91 92 93 94 95 96 97 80 81 83 85 86 87 88 89 90  # 2292
91 92 93 94 95 96 97 80 81 83 85 86 87 89 90  # 2260
91 92 93 94 95 96 97 80 81 84 85 86 87  # 2288
91 92 93 94 95 96 97 80 81 84 85 86 88  # 2256
91 92 93 94 95 96 97 80 81 84 85 86 87 88  # 2320
91 92 93 94 95 96 97 80 81 84 85 86 89  # 2304
91 92 93 94 95 96 97 80 81 84 85 86 87 89  # 2368
91 92 93 94 95 96 97 80 81 84 85 86 88 89  # 2336
91 92 93 94 95 96 97 80 81 84 85 86 87 88 89  # 2400
91 92 93 94 95 96 97 80 81 84 85 86 90  # 2264
91 92 93 94 95 96 97 80 81 84 85 86 87 90  # 2328
91 92 93 94 95 96 97 80 81 84 85 86 88 90  # 2296
91 92 93 94 95 96 97 80 81 84 85 86 87 88 90  # 2360
91 92 93 94 95 96 97 80 81 84 85 86 89 90  # 2344
91 92 93 94 95 96 97 80 81 84 85 86 87 89 90  # 2408
91 92 93 94 95 96 97 80 81 84 85 86 88 89 90  # 2376
91 92 93 94 95 96 97 80 81 84 85 86 87 88 89 90  # 2440
91 92 93 94 95 96 97 80 81 84 85 87 88  # 2260
91 92 93 94 95 96 97 80 81 84 85 87 89  # 2308
91 92 93 94 95 96 97 80 81 84 85 87 88 89  # 2340
91 92 93 94 95 96 97 80 81 84 85 87 90  # 2268
91 92 93 94 95 96 97 80 81 84 85 87 88 90  # 2300
91 92 93 94 95 96 97 80 81 84 85 87 89 90  # 2348
91 92 93 94 95 96 97 80 81 84 85 87 88 89 90  # 2380
91 92 93 94 95 96 97 80 81 84 85 88 89 #2276
91 92 93 94 95 96 97 80 81 84 85 88 89 90  # 2316
91 92 93 94 95 96 97 80 81 84 85 89 90  # 2284
91 92 93 94 95 96 97 80 81 84 86 87 88 89 90  # 2280
91 92 93 94 95 96 97 80 81 84 86 87 89 90  # 2248
91 92 93 94 95 96 97 80 82 83 84 85 86 87 #2264
91 92 93 94 95 96 97 80 82 83 84 85 86 87 88  # 2296
91 92 93 94 95 96 97 80 82 83 84 85 86 87 89  # 2344
91 92 93 94 95 96 97 80 82 83 84 85 86 87 88 89  # 2376
91 92 93 94 95 96 97 80 82 83 84 85 86 87 90  # 2304
91 92 93 94 95 96 97 80 82 83 84 85 86 87 88 90  # 2336
91 92 93 94 95 96 97 80 82 83 84 85 86 87 89 90  # 2384
91 92 93 94 95 96 97 80 82 83 84 85 86 87 88 89 90  # 2416
91 92 93 94 95 96 97 80 82 83 84 85 86 88 89  # 2312
91 92 93 94 95 96 97 80 82 83 84 85 86 88 90  # 2272
91 92 93 94 95 96 97 80 82 83 84 85 86 88 89 90  # 2352
91 92 93 94 95 96 97 80 82 83 84 85 86 89 #2280
91 92 93 94 95 96 97 80 82 83 84 85 86 89 90  # 2320
91 92 93 94 95 96 97 80 82 83 84 85 87 88 89  # 2316
91 92 93 94 95 96 97 80 82 83 84 85 87 88 90  # 2276
91 92 93 94 95 96 97 80 82 83 84 85 87 88 89 90  # 2356
91 92 93 94 95 96 97 80 82 83 84 85 87 89 #2284
91 92 93 94 95 96 97 80 82 83 84 85 87 89 90  # 2324
91 92 93 94 95 96 97 80 82 83 84 85 88 89 #2252
91 92 93 94 95 96 97 80 82 83 84 85 88 89 90  # 2292
91 92 93 94 95 96 97 80 82 83 84 85 89 90  # 2260
91 92 93 94 95 96 97 80 82 83 84 86 87 88 89 90  # 2256
91 92 93 94 95 96 97 80 82 84 85 86 87 88  # 2248
91 92 93 94 95 96 97 80 82 84 85 86 87 89  # 2296
91 92 93 94 95 96 97 80 82 84 85 86 87 88 89  # 2328
91 92 93 94 95 96 97 80 82 84 85 86 87 90  # 2256
91 92 93 94 95 96 97 80 82 84 85 86 87 88 90  # 2288
91 92 93 94 95 96 97 80 82 84 85 86 87 89 90  # 2336
91 92 93 94 95 96 97 80 82 84 85 86 87 88 89 90  # 2368
91 92 93 94 95 96 97 80 82 84 85 86 88 89 #2264
91 92 93 94 95 96 97 80 82 84 85 86 88 89 90  # 2304
91 92 93 94 95 96 97 80 82 84 85 86 89 90  # 2272
91 92 93 94 95 96 97 80 82 84 85 87 88 89 #2268
91 92 93 94 95 96 97 80 82 84 85 87 88 89 90  # 2308
91 92 93 94 95 96 97 80 82 84 85 87 89 90  # 2276
91 92 93 94 95 96 97 80 83 84 85 86 87 88 89 90  # 2272
91 92 93 94 95 96 97 81 82 83 84 85 86 87 88 89 90  # 2280
91 92 93 94 95 96 97 81 82 83 84 85 86 87 89 90  # 2248
91 92 93 94 95 96 80 81 82 83 84 85 #2324
91 92 93 94 95 96 80 81 82 83 84 85 86  # 2384
91 92 93 94 95 96 80 81 82 83 84 85 87  # 2388
91 92 93 94 95 96 80 81 82 83 84 85 86 87  # 2448
91 92 93 94 95 96 80 81 82 83 84 85 88  # 2356
91 92 93 94 95 96 80 81 82 83 84 85 86 88  # 2416
91 92 93 94 95 96 80 81 82 83 84 85 87 88  # 2420
91 92 93 94 95 96 80 81 82 83 84 85 86 87 88  # 2480
91 92 93 94 95 96 80 81 82 83 84 85 89  # 2404
91 92 93 94 95 96 80 81 82 83 84 85 86 89  # 2464
91 92 93 94 95 96 80 81 82 83 84 85 87 89  # 2468
91 92 93 94 95 96 80 81 82 83 84 85 86 87 89  # 2528
91 92 93 94 95 96 80 81 82 83 84 85 88 89  # 2436
91 92 93 94 95 96 80 81 82 83 84 85 86 88 89  # 2496
91 92 93 94 95 96 80 81 82 83 84 85 87 88 89  # 2500
91 92 93 94 95 96 80 81 82 83 84 85 86 87 88 89  # 2560
91 92 93 94 95 96 80 81 82 83 84 85 90  # 2364
91 92 93 94 95 96 80 81 82 83 84 85 86 90  # 2424
91 92 93 94 95 96 80 81 82 83 84 85 87 90  # 2428
91 92 93 94 95 96 80 81 82 83 84 85 86 87 90  # 2488
91 92 93 94 95 96 80 81 82 83 84 85 88 90  # 2396
91 92 93 94 95 96 80 81 82 83 84 85 86 88 90  # 2456
91 92 93 94 95 96 80 81 82 83 84 85 87 88 90  # 2460
91 92 93 94 95 96 80 81 82 83 84 85 86 87 88 90  # 2520
91 92 93 94 95 96 80 81 82 83 84 85 89 90  # 2444
91 92 93 94 95 96 80 81 82 83 84 85 86 89 90  # 2504
91 92 93 94 95 96 80 81 82 83 84 85 87 89 90  # 2508
91 92 93 94 95 96 80 81 82 83 84 85 86 87 89 90  # 2568
91 92 93 94 95 96 80 81 82 83 84 85 88 89 90  # 2476
91 92 93 94 95 96 80 81 82 83 84 85 86 88 89 90  # 2536
91 92 93 94 95 96 80 81 82 83 84 85 87 88 89 90  # 2540
91 92 93 94 95 96 80 81 82 83 84 85 86 87 88 89 90  # 2600
91 92 93 94 95 96 80 81 82 83 84 86 87  # 2288
91 92 93 94 95 96 80 81 82 83 84 86 88  # 2256
91 92 93 94 95 96 80 81 82 83 84 86 87 88  # 2320
91 92 93 94 95 96 80 81 82 83 84 86 89  # 2304
91 92 93 94 95 96 80 81 82 83 84 86 87 89  # 2368
91 92 93 94 95 96 80 81 82 83 84 86 88 89  # 2336
91 92 93 94 95 96 80 81 82 83 84 86 87 88 89  # 2400
91 92 93 94 95 96 80 81 82 83 84 86 90  # 2264
91 92 93 94 95 96 80 81 82 83 84 86 87 90  # 2328
91 92 93 94 95 96 80 81 82 83 84 86 88 90  # 2296
91 92 93 94 95 96 80 81 82 83 84 86 87 88 90  # 2360
91 92 93 94 95 96 80 81 82 83 84 86 89 90  # 2344
91 92 93 94 95 96 80 81 82 83 84 86 87 89 90  # 2408
91 92 93 94 95 96 80 81 82 83 84 86 88 89 90  # 2376
91 92 93 94 95 96 80 81 82 83 84 86 87 88 89 90  # 2440
91 92 93 94 95 96 80 81 82 83 84 87 88  # 2260
91 92 93 94 95 96 80 81 82 83 84 87 89  # 2308
91 92 93 94 95 96 80 81 82 83 84 87 88 89  # 2340
91 92 93 94 95 96 80 81 82 83 84 87 90  # 2268
91 92 93 94 95 96 80 81 82 83 84 87 88 90  # 2300
91 92 93 94 95 96 80 81 82 83 84 87 89 90  # 2348
91 92 93 94 95 96 80 81 82 83 84 87 88 89 90  # 2380
91 92 93 94 95 96 80 81 82 83 84 88 89 #2276
91 92 93 94 95 96 80 81 82 83 84 88 89 90  # 2316
91 92 93 94 95 96 80 81 82 83 84 89 90  # 2284
91 92 93 94 95 96 80 81 82 83 85 86 87 #2252
91 92 93 94 95 96 80 81 82 83 85 86 87 88  # 2284
91 92 93 94 95 96 80 81 82 83 85 86 87 89  # 2332
91 92 93 94 95 96 80 81 82 83 85 86 87 88 89  # 2364
91 92 93 94 95 96 80 81 82 83 85 86 87 90  # 2292
91 92 93 94 95 96 80 81 82 83 85 86 87 88 90  # 2324
91 92 93 94 95 96 80 81 82 83 85 86 87 89 90  # 2372
91 92 93 94 95 96 80 81 82 83 85 86 87 88 89 90  # 2404
91 92 93 94 95 96 80 81 82 83 85 86 88 89  # 2300
91 92 93 94 95 96 80 81 82 83 85 86 88 90  # 2260
91 92 93 94 95 96 80 81 82 83 85 86 88 89 90  # 2340
91 92 93 94 95 96 80 81 82 83 85 86 89 #2268
91 92 93 94 95 96 80 81 82 83 85 86 89 90  # 2308
91 92 93 94 95 96 80 81 82 83 85 87 88 89  # 2304
91 92 93 94 95 96 80 81 82 83 85 87 88 90  # 2264
91 92 93 94 95 96 80 81 82 83 85 87 88 89 90  # 2344
91 92 93 94 95 96 80 81 82 83 85 87 89 #2272
91 92 93 94 95 96 80 81 82 83 85 87 89 90  # 2312
91 92 93 94 95 96 80 81 82 83 85 88 89 90  # 2280
91 92 93 94 95 96 80 81 82 83 85 89 90  # 2248
91 92 93 94 95 96 80 81 82 84 85 #2276
91 92 93 94 95 96 80 81 82 84 85 86  # 2336
91 92 93 94 95 96 80 81 82 84 85 87  # 2340
91 92 93 94 95 96 80 81 82 84 85 86 87  # 2400
91 92 93 94 95 96 80 81 82 84 85 88  # 2308
91 92 93 94 95 96 80 81 82 84 85 86 88  # 2368
91 92 93 94 95 96 80 81 82 84 85 87 88  # 2372
91 92 93 94 95 96 80 81 82 84 85 86 87 88  # 2432
91 92 93 94 95 96 80 81 82 84 85 89  # 2356
91 92 93 94 95 96 80 81 82 84 85 86 89  # 2416
91 92 93 94 95 96 80 81 82 84 85 87 89  # 2420
91 92 93 94 95 96 80 81 82 84 85 86 87 89  # 2480
91 92 93 94 95 96 80 81 82 84 85 88 89  # 2388
91 92 93 94 95 96 80 81 82 84 85 86 88 89  # 2448
91 92 93 94 95 96 80 81 82 84 85 87 88 89  # 2452
91 92 93 94 95 96 80 81 82 84 85 86 87 88 89  # 2512
91 92 93 94 95 96 80 81 82 84 85 90  # 2316
91 92 93 94 95 96 80 81 82 84 85 86 90  # 2376
91 92 93 94 95 96 80 81 82 84 85 87 90  # 2380
91 92 93 94 95 96 80 81 82 84 85 86 87 90  # 2440
91 92 93 94 95 96 80 81 82 84 85 88 90  # 2348
91 92 93 94 95 96 80 81 82 84 85 86 88 90  # 2408
91 92 93 94 95 96 80 81 82 84 85 87 88 90  # 2412
91 92 93 94 95 96 80 81 82 84 85 86 87 88 90  # 2472
91 92 93 94 95 96 80 81 82 84 85 89 90  # 2396
91 92 93 94 95 96 80 81 82 84 85 86 89 90  # 2456
91 92 93 94 95 96 80 81 82 84 85 87 89 90  # 2460
91 92 93 94 95 96 80 81 82 84 85 86 87 89 90  # 2520
91 92 93 94 95 96 80 81 82 84 85 88 89 90  # 2428
91 92 93 94 95 96 80 81 82 84 85 86 88 89 90  # 2488
91 92 93 94 95 96 80 81 82 84 85 87 88 89 90  # 2492
91 92 93 94 95 96 80 81 82 84 85 86 87 88 89 90  # 2552
91 92 93 94 95 96 80 81 82 84 86 87 88  # 2272
91 92 93 94 95 96 80 81 82 84 86 87 89  # 2320
91 92 93 94 95 96 80 81 82 84 86 87 88 89  # 2352
91 92 93 94 95 96 80 81 82 84 86 87 90  # 2280
91 92 93 94 95 96 80 81 82 84 86 87 88 90  # 2312
91 92 93 94 95 96 80 81 82 84 86 87 89 90  # 2360
91 92 93 94 95 96 80 81 82 84 86 87 88 89 90  # 2392
91 92 93 94 95 96 80 81 82 84 86 88 89  # 2288
91 92 93 94 95 96 80 81 82 84 86 88 90  # 2248
91 92 93 94 95 96 80 81 82 84 86 88 89 90  # 2328
91 92 93 94 95 96 80 81 82 84 86 89 #2256
91 92 93 94 95 96 80 81 82 84 86 89 90  # 2296
91 92 93 94 95 96 80 81 82 84 87 88 89  # 2292
91 92 93 94 95 96 80 81 82 84 87 88 90  # 2252
91 92 93 94 95 96 80 81 82 84 87 88 89 90  # 2332
91 92 93 94 95 96 80 81 82 84 87 89 #2260
91 92 93 94 95 96 80 81 82 84 87 89 90  # 2300
91 92 93 94 95 96 80 81 82 84 88 89 90  # 2268
91 92 93 94 95 96 80 81 82 85 86 87 88 89  # 2316
91 92 93 94 95 96 80 81 82 85 86 87 88 90  # 2276
91 92 93 94 95 96 80 81 82 85 86 87 88 89 90  # 2356
91 92 93 94 95 96 80 81 82 85 86 87 89 #2284
91 92 93 94 95 96 80 81 82 85 86 87 89 90  # 2324
91 92 93 94 95 96 80 81 82 85 86 88 89 #2252
91 92 93 94 95 96 80 81 82 85 86 88 89 90  # 2292
91 92 93 94 95 96 80 81 82 85 86 89 90  # 2260
91 92 93 94 95 96 80 81 82 85 87 88 89 #2256
91 92 93 94 95 96 80 81 82 85 87 88 89 90  # 2296
91 92 93 94 95 96 80 81 82 85 87 89 90  # 2264
91 92 93 94 95 96 80 81 83 84 85 86 87  # 2304
91 92 93 94 95 96 80 81 83 84 85 86 88  # 2272
91 92 93 94 95 96 80 81 83 84 85 86 87 88  # 2336
91 92 93 94 95 96 80 81 83 84 85 86 89  # 2320
91 92 93 94 95 96 80 81 83 84 85 86 87 89  # 2384
91 92 93 94 95 96 80 81 83 84 85 86 88 89  # 2352
91 92 93 94 95 96 80 81 83 84 85 86 87 88 89  # 2416
91 92 93 94 95 96 80 81 83 84 85 86 90  # 2280
91 92 93 94 95 96 80 81 83 84 85 86 87 90  # 2344
91 92 93 94 95 96 80 81 83 84 85 86 88 90  # 2312
91 92 93 94 95 96 80 81 83 84 85 86 87 88 90  # 2376
91 92 93 94 95 96 80 81 83 84 85 86 89 90  # 2360
91 92 93 94 95 96 80 81 83 84 85 86 87 89 90  # 2424
91 92 93 94 95 96 80 81 83 84 85 86 88 89 90  # 2392
91 92 93 94 95 96 80 81 83 84 85 86 87 88 89 90  # 2456
91 92 93 94 95 96 80 81 83 84 85 87 88  # 2276
91 92 93 94 95 96 80 81 83 84 85 87 89  # 2324
91 92 93 94 95 96 80 81 83 84 85 87 88 89  # 2356
91 92 93 94 95 96 80 81 83 84 85 87 90  # 2284
91 92 93 94 95 96 80 81 83 84 85 87 88 90  # 2316
91 92 93 94 95 96 80 81 83 84 85 87 89 90  # 2364
91 92 93 94 95 96 80 81 83 84 85 87 88 89 90  # 2396
91 92 93 94 95 96 80 81 83 84 85 88 89  # 2292
91 92 93 94 95 96 80 81 83 84 85 88 90  # 2252
91 92 93 94 95 96 80 81 83 84 85 88 89 90  # 2332
91 92 93 94 95 96 80 81 83 84 85 89 #2260
91 92 93 94 95 96 80 81 83 84 85 89 90  # 2300
91 92 93 94 95 96 80 81 83 84 86 87 88 89 #2256
91 92 93 94 95 96 80 81 83 84 86 87 88 89 90  # 2296
91 92 93 94 95 96 80 81 83 84 86 87 89 90  # 2264
91 92 93 94 95 96 80 81 83 85 86 87 88 89 90  # 2260
91 92 93 94 95 96 80 81 84 85 86 87 #2256
91 92 93 94 95 96 80 81 84 85 86 87 88  # 2288
91 92 93 94 95 96 80 81 84 85 86 87 89  # 2336
91 92 93 94 95 96 80 81 84 85 86 87 88 89  # 2368
91 92 93 94 95 96 80 81 84 85 86 87 90  # 2296
91 92 93 94 95 96 80 81 84 85 86 87 88 90  # 2328
91 92 93 94 95 96 80 81 84 85 86 87 89 90  # 2376
91 92 93 94 95 96 80 81 84 85 86 87 88 89 90  # 2408
91 92 93 94 95 96 80 81 84 85 86 88 89  # 2304
91 92 93 94 95 96 80 81 84 85 86 88 90  # 2264
91 92 93 94 95 96 80 81 84 85 86 88 89 90  # 2344
91 92 93 94 95 96 80 81 84 85 86 89 #2272
91 92 93 94 95 96 80 81 84 85 86 89 90  # 2312
91 92 93 94 95 96 80 81 84 85 87 88 89  # 2308
91 92 93 94 95 96 80 81 84 85 87 88 90  # 2268
91 92 93 94 95 96 80 81 84 85 87 88 89 90  # 2348
91 92 93 94 95 96 80 81 84 85 87 89 #2276
91 92 93 94 95 96 80 81 84 85 87 89 90  # 2316
91 92 93 94 95 96 80 81 84 85 88 89 90  # 2284
91 92 93 94 95 96 80 81 84 85 89 90  # 2252
91 92 93 94 95 96 80 81 84 86 87 88 89 90  # 2248
91 92 93 94 95 96 80 82 83 84 85 86 87 88  # 2264
91 92 93 94 95 96 80 82 83 84 85 86 87 89  # 2312
91 92 93 94 95 96 80 82 83 84 85 86 87 88 89  # 2344
91 92 93 94 95 96 80 82 83 84 85 86 87 90  # 2272
91 92 93 94 95 96 80 82 83 84 85 86 87 88 90  # 2304
91 92 93 94 95 96 80 82 83 84 85 86 87 89 90  # 2352
91 92 93 94 95 96 80 82 83 84 85 86 87 88 89 90  # 2384
91 92 93 94 95 96 80 82 83 84 85 86 88 89 #2280
91 92 93 94 95 96 80 82 83 84 85 86 88 89 90  # 2320
91 92 93 94 95 96 80 82 83 84 85 86 89 #2248
91 92 93 94 95 96 80 82 83 84 85 86 89 90  # 2288
91 92 93 94 95 96 80 82 83 84 85 87 88 89 #2284
91 92 93 94 95 96 80 82 83 84 85 87 88 89 90  # 2324
91 92 93 94 95 96 80 82 83 84 85 87 89 #2252
91 92 93 94 95 96 80 82 83 84 85 87 89 90  # 2292
91 92 93 94 95 96 80 82 83 84 85 88 89 90  # 2260
91 92 93 94 95 96 80 82 84 85 86 87 88 89  # 2296
91 92 93 94 95 96 80 82 84 85 86 87 88 90  # 2256
91 92 93 94 95 96 80 82 84 85 86 87 88 89 90  # 2336
91 92 93 94 95 96 80 82 84 85 86 87 89 #2264
91 92 93 94 95 96 80 82 84 85 86 87 89 90  # 2304
91 92 93 94 95 96 80 82 84 85 86 88 89 90  # 2272
91 92 93 94 95 96 80 82 84 85 87 88 89 90  # 2276
91 92 93 94 95 96 81 82 83 84 85 86 87 88 89 90  # 2248
91 92 93 94 95 97 80 81 82 83 84 85 86 87  # 2284
91 92 93 94 95 97 80 81 82 83 84 85 86 88  # 2252
91 92 93 94 95 97 80 81 82 83 84 85 86 87 88  # 2316
91 92 93 94 95 97 80 81 82 83 84 85 86 89  # 2300
91 92 93 94 95 97 80 81 82 83 84 85 86 87 89  # 2364
91 92 93 94 95 97 80 81 82 83 84 85 86 88 89  # 2332
91 92 93 94 95 97 80 81 82 83 84 85 86 87 88 89  # 2396
91 92 93 94 95 97 80 81 82 83 84 85 86 90  # 2260
91 92 93 94 95 97 80 81 82 83 84 85 86 87 90  # 2324
91 92 93 94 95 97 80 81 82 83 84 85 86 88 90  # 2292
91 92 93 94 95 97 80 81 82 83 84 85 86 87 88 90  # 2356
91 92 93 94 95 97 80 81 82 83 84 85 86 89 90  # 2340
91 92 93 94 95 97 80 81 82 83 84 85 86 87 89 90  # 2404
91 92 93 94 95 97 80 81 82 83 84 85 86 88 89 90  # 2372
91 92 93 94 95 97 80 81 82 83 84 85 86 87 88 89 90  # 2436
91 92 93 94 95 97 80 81 82 83 84 85 87 88  # 2256
91 92 93 94 95 97 80 81 82 83 84 85 87 89  # 2304
91 92 93 94 95 97 80 81 82 83 84 85 87 88 89  # 2336
91 92 93 94 95 97 80 81 82 83 84 85 87 90  # 2264
91 92 93 94 95 97 80 81 82 83 84 85 87 88 90  # 2296
91 92 93 94 95 97 80 81 82 83 84 85 87 89 90  # 2344
91 92 93 94 95 97 80 81 82 83 84 85 87 88 89 90  # 2376
91 92 93 94 95 97 80 81 82 83 84 85 88 89 #2272
91 92 93 94 95 97 80 81 82 83 84 85 88 89 90  # 2312
91 92 93 94 95 97 80 81 82 83 84 85 89 90  # 2280
91 92 93 94 95 97 80 81 82 83 84 86 87 88 89 90  # 2276
91 92 93 94 95 97 80 81 82 84 85 86 87 88  # 2268
91 92 93 94 95 97 80 81 82 84 85 86 87 89  # 2316
91 92 93 94 95 97 80 81 82 84 85 86 87 88 89  # 2348
91 92 93 94 95 97 80 81 82 84 85 86 87 90  # 2276
91 92 93 94 95 97 80 81 82 84 85 86 87 88 90  # 2308
91 92 93 94 95 97 80 81 82 84 85 86 87 89 90  # 2356
91 92 93 94 95 97 80 81 82 84 85 86 87 88 89 90  # 2388
91 92 93 94 95 97 80 81 82 84 85 86 88 89 #2284
91 92 93 94 95 97 80 81 82 84 85 86 88 89 90  # 2324
91 92 93 94 95 97 80 81 82 84 85 86 89 #2252
91 92 93 94 95 97 80 81 82 84 85 86 89 90  # 2292
91 92 93 94 95 97 80 81 82 84 85 87 88 89  # 2288
91 92 93 94 95 97 80 81 82 84 85 87 88 90  # 2248
91 92 93 94 95 97 80 81 82 84 85 87 88 89 90  # 2328
91 92 93 94 95 97 80 81 82 84 85 87 89 #2256
91 92 93 94 95 97 80 81 82 84 85 87 89 90  # 2296
91 92 93 94 95 97 80 81 82 84 85 88 89 90  # 2264
91 92 93 94 95 97 80 81 83 84 85 86 87 88 89 #2252
91 92 93 94 95 97 80 81 83 84 85 86 87 88 89 90  # 2292
91 92 93 94 95 97 80 81 83 84 85 86 87 89 90  # 2260
91 92 93 94 95 80 81 82 83 84 85 86 87 #2252
91 92 93 94 95 80 81 82 83 84 85 86 87 88  # 2284
91 92 93 94 95 80 81 82 83 84 85 86 87 89  # 2332
91 92 93 94 95 80 81 82 83 84 85 86 87 88 89  # 2364
91 92 93 94 95 80 81 82 83 84 85 86 87 90  # 2292
91 92 93 94 95 80 81 82 83 84 85 86 87 88 90  # 2324
91 92 93 94 95 80 81 82 83 84 85 86 87 89 90  # 2372
91 92 93 94 95 80 81 82 83 84 85 86 87 88 89 90  # 2404
91 92 93 94 95 80 81 82 83 84 85 86 88 89  # 2300
91 92 93 94 95 80 81 82 83 84 85 86 88 90  # 2260
91 92 93 94 95 80 81 82 83 84 85 86 88 89 90  # 2340
91 92 93 94 95 80 81 82 83 84 85 86 89 #2268
91 92 93 94 95 80 81 82 83 84 85 86 89 90  # 2308
91 92 93 94 95 80 81 82 83 84 85 87 88 89  # 2304
91 92 93 94 95 80 81 82 83 84 85 87 88 90  # 2264
91 92 93 94 95 80 81 82 83 84 85 87 88 89 90  # 2344
91 92 93 94 95 80 81 82 83 84 85 87 89 #2272
91 92 93 94 95 80 81 82 83 84 85 87 89 90  # 2312
91 92 93 94 95 80 81 82 83 84 85 88 89 90  # 2280
91 92 93 94 95 80 81 82 83 84 85 89 90  # 2248
91 92 93 94 95 80 81 82 84 85 86 87 88 89  # 2316
91 92 93 94 95 80 81 82 84 85 86 87 88 90  # 2276
91 92 93 94 95 80 81 82 84 85 86 87 88 89 90  # 2356
91 92 93 94 95 80 81 82 84 85 86 87 89 #2284
91 92 93 94 95 80 81 82 84 85 86 87 89 90  # 2324
91 92 93 94 95 80 81 82 84 85 86 88 89 #2252
91 92 93 94 95 80 81 82 84 85 86 88 89 90  # 2292
91 92 93 94 95 80 81 82 84 85 86 89 90  # 2260
91 92 93 94 95 80 81 82 84 85 87 88 89 #2256
91 92 93 94 95 80 81 82 84 85 87 88 89 90  # 2296
91 92 93 94 95 80 81 82 84 85 87 89 90  # 2264
91 92 93 94 95 80 81 83 84 85 86 87 88 89 90  # 2260
91 92 93 94 96 97 80 81 82 83 84 85 86 #2256
91 92 93 94 96 97 80 81 82 83 84 85 86 87  # 2320
91 92 93 94 96 97 80 81 82 83 84 85 86 88  # 2288
91 92 93 94 96 97 80 81 82 83 84 85 86 87 88  # 2352
91 92 93 94 96 97 80 81 82 83 84 85 86 89  # 2336
91 92 93 94 96 97 80 81 82 83 84 85 86 87 89  # 2400
91 92 93 94 96 97 80 81 82 83 84 85 86 88 89  # 2368
91 92 93 94 96 97 80 81 82 83 84 85 86 87 88 89  # 2432
91 92 93 94 96 97 80 81 82 83 84 85 86 90  # 2296
91 92 93 94 96 97 80 81 82 83 84 85 86 87 90  # 2360
91 92 93 94 96 97 80 81 82 83 84 85 86 88 90  # 2328
91 92 93 94 96 97 80 81 82 83 84 85 86 87 88 90  # 2392
91 92 93 94 96 97 80 81 82 83 84 85 86 89 90  # 2376
91 92 93 94 96 97 80 81 82 83 84 85 86 87 89 90  # 2440
91 92 93 94 96 97 80 81 82 83 84 85 86 88 89 90  # 2408
91 92 93 94 96 97 80 81 82 83 84 85 86 87 88 89 90  # 2472
91 92 93 94 96 97 80 81 82 83 84 85 87 #2260
91 92 93 94 96 97 80 81 82 83 84 85 87 88  # 2292
91 92 93 94 96 97 80 81 82 83 84 85 87 89  # 2340
91 92 93 94 96 97 80 81 82 83 84 85 87 88 89  # 2372
91 92 93 94 96 97 80 81 82 83 84 85 87 90  # 2300
91 92 93 94 96 97 80 81 82 83 84 85 87 88 90  # 2332
91 92 93 94 96 97 80 81 82 83 84 85 87 89 90  # 2380
91 92 93 94 96 97 80 81 82 83 84 85 87 88 89 90  # 2412
91 92 93 94 96 97 80 81 82 83 84 85 88 89  # 2308
91 92 93 94 96 97 80 81 82 83 84 85 88 90  # 2268
91 92 93 94 96 97 80 81 82 83 84 85 88 89 90  # 2348
91 92 93 94 96 97 80 81 82 83 84 85 89 #2276
91 92 93 94 96 97 80 81 82 83 84 85 89 90  # 2316
91 92 93 94 96 97 80 81 82 83 84 86 87 88 89 #2272
91 92 93 94 96 97 80 81 82 83 84 86 87 88 89 90  # 2312
91 92 93 94 96 97 80 81 82 83 84 86 87 89 90  # 2280
91 92 93 94 96 97 80 81 82 83 84 86 88 89 90  # 2248
91 92 93 94 96 97 80 81 82 83 84 87 88 89 90  # 2252
91 92 93 94 96 97 80 81 82 83 85 86 87 88 89 90  # 2276
91 92 93 94 96 97 80 81 82 84 85 86 87 #2272
91 92 93 94 96 97 80 81 82 84 85 86 87 88  # 2304
91 92 93 94 96 97 80 81 82 84 85 86 87 89  # 2352
91 92 93 94 96 97 80 81 82 84 85 86 87 88 89  # 2384
91 92 93 94 96 97 80 81 82 84 85 86 87 90  # 2312
91 92 93 94 96 97 80 81 82 84 85 86 87 88 90  # 2344
91 92 93 94 96 97 80 81 82 84 85 86 87 89 90  # 2392
91 92 93 94 96 97 80 81 82 84 85 86 87 88 89 90  # 2424
91 92 93 94 96 97 80 81 82 84 85 86 88 89  # 2320
91 92 93 94 96 97 80 81 82 84 85 86 88 90  # 2280
91 92 93 94 96 97 80 81 82 84 85 86 88 89 90  # 2360
91 92 93 94 96 97 80 81 82 84 85 86 89 #2288
91 92 93 94 96 97 80 81 82 84 85 86 89 90  # 2328
91 92 93 94 96 97 80 81 82 84 85 86 90 #2248
91 92 93 94 96 97 80 81 82 84 85 87 88 89  # 2324
91 92 93 94 96 97 80 81 82 84 85 87 88 90  # 2284
91 92 93 94 96 97 80 81 82 84 85 87 88 89 90  # 2364
91 92 93 94 96 97 80 81 82 84 85 87 89 #2292
91 92 93 94 96 97 80 81 82 84 85 87 89 90  # 2332
91 92 93 94 96 97 80 81 82 84 85 87 90 #2252
91 92 93 94 96 97 80 81 82 84 85 88 89 #2260
91 92 93 94 96 97 80 81 82 84 85 88 89 90  # 2300
91 92 93 94 96 97 80 81 82 84 85 89 90  # 2268
91 92 93 94 96 97 80 81 82 84 86 87 88 89 90  # 2264
91 92 93 94 96 97 80 81 83 84 85 86 87 88 89  # 2288
91 92 93 94 96 97 80 81 83 84 85 86 87 88 90  # 2248
91 92 93 94 96 97 80 81 83 84 85 86 87 88 89 90  # 2328
91 92 93 94 96 97 80 81 83 84 85 86 87 89 #2256
91 92 93 94 96 97 80 81 83 84 85 86 87 89 90  # 2296
91 92 93 94 96 97 80 81 83 84 85 86 88 89 90  # 2264
91 92 93 94 96 97 80 81 83 84 85 87 88 89 90  # 2268
91 92 93 94 96 97 80 81 84 85 86 87 88 89 90  # 2280
91 92 93 94 96 97 80 81 84 85 86 87 89 90  # 2248
91 92 93 94 96 97 80 82 83 84 85 86 87 88 89 90  # 2256
91 92 93 94 96 80 81 82 83 84 85 86 87  # 2288
91 92 93 94 96 80 81 82 83 84 85 86 88  # 2256
91 92 93 94 96 80 81 82 83 84 85 86 87 88  # 2320
91 92 93 94 96 80 81 82 83 84 85 86 89  # 2304
91 92 93 94 96 80 81 82 83 84 85 86 87 89  # 2368
91 92 93 94 96 80 81 82 83 84 85 86 88 89  # 2336
91 92 93 94 96 80 81 82 83 84 85 86 87 88 89  # 2400
91 92 93 94 96 80 81 82 83 84 85 86 90  # 2264
91 92 93 94 96 80 81 82 83 84 85 86 87 90  # 2328
91 92 93 94 96 80 81 82 83 84 85 86 88 90  # 2296
91 92 93 94 96 80 81 82 83 84 85 86 87 88 90  # 2360
91 92 93 94 96 80 81 82 83 84 85 86 89 90  # 2344
91 92 93 94 96 80 81 82 83 84 85 86 87 89 90  # 2408
91 92 93 94 96 80 81 82 83 84 85 86 88 89 90  # 2376
91 92 93 94 96 80 81 82 83 84 85 86 87 88 89 90  # 2440
91 92 93 94 96 80 81 82 83 84 85 87 88  # 2260
91 92 93 94 96 80 81 82 83 84 85 87 89  # 2308
91 92 93 94 96 80 81 82 83 84 85 87 88 89  # 2340
91 92 93 94 96 80 81 82 83 84 85 87 90  # 2268
91 92 93 94 96 80 81 82 83 84 85 87 88 90  # 2300
91 92 93 94 96 80 81 82 83 84 85 87 89 90  # 2348
91 92 93 94 96 80 81 82 83 84 85 87 88 89 90  # 2380
91 92 93 94 96 80 81 82 83 84 85 88 89 #2276
91 92 93 94 96 80 81 82 83 84 85 88 89 90  # 2316
91 92 93 94 96 80 81 82 83 84 85 89 90  # 2284
91 92 93 94 96 80 81 82 83 84 86 87 88 89 90  # 2280
91 92 93 94 96 80 81 82 83 84 86 87 89 90  # 2248
91 92 93 94 96 80 81 82 84 85 86 87 88  # 2272
91 92 93 94 96 80 81 82 84 85 86 87 89  # 2320
91 92 93 94 96 80 81 82 84 85 86 87 88 89  # 2352
91 92 93 94 96 80 81 82 84 85 86 87 90  # 2280
91 92 93 94 96 80 81 82 84 85 86 87 88 90  # 2312
91 92 93 94 96 80 81 82 84 85 86 87 89 90  # 2360
91 92 93 94 96 80 81 82 84 85 86 87 88 89 90  # 2392
91 92 93 94 96 80 81 82 84 85 86 88 89  # 2288
91 92 93 94 96 80 81 82 84 85 86 88 90  # 2248
91 92 93 94 96 80 81 82 84 85 86 88 89 90  # 2328
91 92 93 94 96 80 81 82 84 85 86 89 #2256
91 92 93 94 96 80 81 82 84 85 86 89 90  # 2296
91 92 93 94 96 80 81 82 84 85 87 88 89  # 2292
91 92 93 94 96 80 81 82 84 85 87 88 90  # 2252
91 92 93 94 96 80 81 82 84 85 87 88 89 90  # 2332
91 92 93 94 96 80 81 82 84 85 87 89 #2260
91 92 93 94 96 80 81 82 84 85 87 89 90  # 2300
91 92 93 94 96 80 81 82 84 85 88 89 90  # 2268
91 92 93 94 96 80 81 83 84 85 86 87 88 89 #2256
91 92 93 94 96 80 81 83 84 85 86 87 88 89 90  # 2296
91 92 93 94 96 80 81 83 84 85 86 87 89 90  # 2264
91 92 93 94 96 80 81 84 85 86 87 88 89 90  # 2248
91 92 93 94 97 80 81 82 83 84 85 86 87 88 89 90  # 2276
91 92 94 95 96 97 80 81 82 83 84 85 86 87  # 2288
91 92 94 95 96 97 80 81 82 83 84 85 86 88  # 2256
91 92 94 95 96 97 80 81 82 83 84 85 86 87 88  # 2320
91 92 94 95 96 97 80 81 82 83 84 85 86 89  # 2304
91 92 94 95 96 97 80 81 82 83 84 85 86 87 89  # 2368
91 92 94 95 96 97 80 81 82 83 84 85 86 88 89  # 2336
91 92 94 95 96 97 80 81 82 83 84 85 86 87 88 89  # 2400
91 92 94 95 96 97 80 81 82 83 84 85 86 90  # 2264
91 92 94 95 96 97 80 81 82 83 84 85 86 87 90  # 2328
91 92 94 95 96 97 80 81 82 83 84 85 86 88 90  # 2296
91 92 94 95 96 97 80 81 82 83 84 85 86 87 88 90  # 2360
91 92 94 95 96 97 80 81 82 83 84 85 86 89 90  # 2344
91 92 94 95 96 97 80 81 82 83 84 85 86 87 89 90  # 2408
91 92 94 95 96 97 80 81 82 83 84 85 86 88 89 90  # 2376
91 92 94 95 96 97 80 81 82 83 84 85 86 87 88 89 90  # 2440
91 92 94 95 96 97 80 81 82 83 84 85 87 88  # 2260
91 92 94 95 96 97 80 81 82 83 84 85 87 89  # 2308
91 92 94 95 96 97 80 81 82 83 84 85 87 88 89  # 2340
91 92 94 95 96 97 80 81 82 83 84 85 87 90  # 2268
91 92 94 95 96 97 80 81 82 83 84 85 87 88 90  # 2300
91 92 94 95 96 97 80 81 82 83 84 85 87 89 90  # 2348
91 92 94 95 96 97 80 81 82 83 84 85 87 88 89 90  # 2380
91 92 94 95 96 97 80 81 82 83 84 85 88 89 #2276
91 92 94 95 96 97 80 81 82 83 84 85 88 89 90  # 2316
91 92 94 95 96 97 80 81 82 83 84 85 89 90  # 2284
91 92 94 95 96 97 80 81 82 83 84 86 87 88 89 90  # 2280
91 92 94 95 96 97 80 81 82 83 84 86 87 89 90  # 2248
91 92 94 95 96 97 80 81 82 84 85 86 87 88  # 2272
91 92 94 95 96 97 80 81 82 84 85 86 87 89  # 2320
91 92 94 95 96 97 80 81 82 84 85 86 87 88 89  # 2352
91 92 94 95 96 97 80 81 82 84 85 86 87 90  # 2280
91 92 94 95 96 97 80 81 82 84 85 86 87 88 90  # 2312
91 92 94 95 96 97 80 81 82 84 85 86 87 89 90  # 2360
91 92 94 95 96 97 80 81 82 84 85 86 87 88 89 90  # 2392
91 92 94 95 96 97 80 81 82 84 85 86 88 89  # 2288
91 92 94 95 96 97 80 81 82 84 85 86 88 90  # 2248
91 92 94 95 96 97 80 81 82 84 85 86 88 89 90  # 2328
91 92 94 95 96 97 80 81 82 84 85 86 89 #2256
91 92 94 95 96 97 80 81 82 84 85 86 89 90  # 2296
91 92 94 95 96 97 80 81 82 84 85 87 88 89  # 2292
91 92 94 95 96 97 80 81 82 84 85 87 88 90  # 2252
91 92 94 95 96 97 80 81 82 84 85 87 88 89 90  # 2332
91 92 94 95 96 97 80 81 82 84 85 87 89 #2260
91 92 94 95 96 97 80 81 82 84 85 87 89 90  # 2300
91 92 94 95 96 97 80 81 82 84 85 88 89 90  # 2268
91 92 94 95 96 97 80 81 83 84 85 86 87 88 89 #2256
91 92 94 95 96 97 80 81 83 84 85 86 87 88 89 90  # 2296
91 92 94 95 96 97 80 81 83 84 85 86 87 89 90  # 2264
91 92 94 95 96 97 80 81 84 85 86 87 88 89 90  # 2248
91 92 94 95 96 80 81 82 83 84 85 86 87 #2256
91 92 94 95 96 80 81 82 83 84 85 86 87 88  # 2288
91 92 94 95 96 80 81 82 83 84 85 86 87 89  # 2336
91 92 94 95 96 80 81 82 83 84 85 86 87 88 89  # 2368
91 92 94 95 96 80 81 82 83 84 85 86 87 90  # 2296
91 92 94 95 96 80 81 82 83 84 85 86 87 88 90  # 2328
91 92 94 95 96 80 81 82 83 84 85 86 87 89 90  # 2376
91 92 94 95 96 80 81 82 83 84 85 86 87 88 89 90  # 2408
91 92 94 95 96 80 81 82 83 84 85 86 88 89  # 2304
91 92 94 95 96 80 81 82 83 84 85 86 88 90  # 2264
91 92 94 95 96 80 81 82 83 84 85 86 88 89 90  # 2344
91 92 94 95 96 80 81 82 83 84 85 86 89 #2272
91 92 94 95 96 80 81 82 83 84 85 86 89 90  # 2312
91 92 94 95 96 80 81 82 83 84 85 87 88 89  # 2308
91 92 94 95 96 80 81 82 83 84 85 87 88 90  # 2268
91 92 94 95 96 80 81 82 83 84 85 87 88 89 90  # 2348
91 92 94 95 96 80 81 82 83 84 85 87 89 #2276
91 92 94 95 96 80 81 82 83 84 85 87 89 90  # 2316
91 92 94 95 96 80 81 82 83 84 85 88 89 90  # 2284
91 92 94 95 96 80 81 82 83 84 85 89 90  # 2252
91 92 94 95 96 80 81 82 83 84 86 87 88 89 90  # 2248
91 92 94 95 96 80 81 82 84 85 86 87 88 89  # 2320
91 92 94 95 96 80 81 82 84 85 86 87 88 90  # 2280
91 92 94 95 96 80 81 82 84 85 86 87 88 89 90  # 2360
91 92 94 95 96 80 81 82 84 85 86 87 89 #2288
91 92 94 95 96 80 81 82 84 85 86 87 89 90  # 2328
91 92 94 95 96 80 81 82 84 85 86 87 90 #2248
91 92 94 95 96 80 81 82 84 85 86 88 89 #2256
91 92 94 95 96 80 81 82 84 85 86 88 89 90  # 2296
91 92 94 95 96 80 81 82 84 85 86 89 90  # 2264
91 92 94 95 96 80 81 82 84 85 87 88 89 #2260
91 92 94 95 96 80 81 82 84 85 87 88 89 90  # 2300
91 92 94 95 96 80 81 82 84 85 87 89 90  # 2268
91 92 94 95 96 80 81 83 84 85 86 87 88 89 90  # 2264
91 92 94 96 97 80 81 82 83 84 85 86 87 88 89 90  # 2280
91 92 94 96 97 80 81 82 83 84 85 86 87 89 90  # 2248
91 92 94 96 80 81 82 83 84 85 86 87 88 89 90  # 2248
91 93 94 95 96 97 80 81 82 83 84 85 86 87  # 2300
91 93 94 95 96 97 80 81 82 83 84 85 86 88  # 2268
91 93 94 95 96 97 80 81 82 83 84 85 86 87 88  # 2332
91 93 94 95 96 97 80 81 82 83 84 85 86 89  # 2316
91 93 94 95 96 97 80 81 82 83 84 85 86 87 89  # 2380
91 93 94 95 96 97 80 81 82 83 84 85 86 88 89  # 2348
91 93 94 95 96 97 80 81 82 83 84 85 86 87 88 89  # 2412
91 93 94 95 96 97 80 81 82 83 84 85 86 90  # 2276
91 93 94 95 96 97 80 81 82 83 84 85 86 87 90  # 2340
91 93 94 95 96 97 80 81 82 83 84 85 86 88 90  # 2308
91 93 94 95 96 97 80 81 82 83 84 85 86 87 88 90  # 2372
91 93 94 95 96 97 80 81 82 83 84 85 86 89 90  # 2356
91 93 94 95 96 97 80 81 82 83 84 85 86 87 89 90  # 2420
91 93 94 95 96 97 80 81 82 83 84 85 86 88 89 90  # 2388
91 93 94 95 96 97 80 81 82 83 84 85 86 87 88 89 90  # 2452
91 93 94 95 96 97 80 81 82 83 84 85 87 88  # 2272
91 93 94 95 96 97 80 81 82 83 84 85 87 89  # 2320
91 93 94 95 96 97 80 81 82 83 84 85 87 88 89  # 2352
91 93 94 95 96 97 80 81 82 83 84 85 87 90  # 2280
91 93 94 95 96 97 80 81 82 83 84 85 87 88 90  # 2312
91 93 94 95 96 97 80 81 82 83 84 85 87 89 90  # 2360
91 93 94 95 96 97 80 81 82 83 84 85 87 88 89 90  # 2392
91 93 94 95 96 97 80 81 82 83 84 85 88 89  # 2288
91 93 94 95 96 97 80 81 82 83 84 85 88 90  # 2248
91 93 94 95 96 97 80 81 82 83 84 85 88 89 90  # 2328
91 93 94 95 96 97 80 81 82 83 84 85 89 #2256
91 93 94 95 96 97 80 81 82 83 84 85 89 90  # 2296
91 93 94 95 96 97 80 81 82 83 84 86 87 88 89 #2252
91 93 94 95 96 97 80 81 82 83 84 86 87 88 89 90  # 2292
91 93 94 95 96 97 80 81 82 83 84 86 87 89 90  # 2260
91 93 94 95 96 97 80 81 82 83 85 86 87 88 89 90  # 2256
91 93 94 95 96 97 80 81 82 84 85 86 87 #2252
91 93 94 95 96 97 80 81 82 84 85 86 87 88  # 2284
91 93 94 95 96 97 80 81 82 84 85 86 87 89  # 2332
91 93 94 95 96 97 80 81 82 84 85 86 87 88 89  # 2364
91 93 94 95 96 97 80 81 82 84 85 86 87 90  # 2292
91 93 94 95 96 97 80 81 82 84 85 86 87 88 90  # 2324
91 93 94 95 96 97 80 81 82 84 85 86 87 89 90  # 2372
91 93 94 95 96 97 80 81 82 84 85 86 87 88 89 90  # 2404
91 93 94 95 96 97 80 81 82 84 85 86 88 89  # 2300
91 93 94 95 96 97 80 81 82 84 85 86 88 90  # 2260
91 93 94 95 96 97 80 81 82 84 85 86 88 89 90  # 2340
91 93 94 95 96 97 80 81 82 84 85 86 89 #2268
91 93 94 95 96 97 80 81 82 84 85 86 89 90  # 2308
91 93 94 95 96 97 80 81 82 84 85 87 88 89  # 2304
91 93 94 95 96 97 80 81 82 84 85 87 88 90  # 2264
91 93 94 95 96 97 80 81 82 84 85 87 88 89 90  # 2344
91 93 94 95 96 97 80 81 82 84 85 87 89 #2272
91 93 94 95 96 97 80 81 82 84 85 87 89 90  # 2312
91 93 94 95 96 97 80 81 82 84 85 88 89 90  # 2280
91 93 94 95 96 97 80 81 82 84 85 89 90  # 2248
91 93 94 95 96 97 80 81 83 84 85 86 87 88 89 #2268
91 93 94 95 96 97 80 81 83 84 85 86 87 88 89 90  # 2308
91 93 94 95 96 97 80 81 83 84 85 86 87 89 90  # 2276
91 93 94 95 96 97 80 81 83 84 85 87 88 89 90  # 2248
91 93 94 95 96 97 80 81 84 85 86 87 88 89 90  # 2260
91 93 94 95 96 80 81 82 83 84 85 86 87 #2268
91 93 94 95 96 80 81 82 83 84 85 86 87 88  # 2300
91 93 94 95 96 80 81 82 83 84 85 86 87 89  # 2348
91 93 94 95 96 80 81 82 83 84 85 86 87 88 89  # 2380
91 93 94 95 96 80 81 82 83 84 85 86 87 90  # 2308
91 93 94 95 96 80 81 82 83 84 85 86 87 88 90  # 2340
91 93 94 95 96 80 81 82 83 84 85 86 87 89 90  # 2388
91 93 94 95 96 80 81 82 83 84 85 86 87 88 89 90  # 2420
91 93 94 95 96 80 81 82 83 84 85 86 88 89  # 2316
91 93 94 95 96 80 81 82 83 84 85 86 88 90  # 2276
91 93 94 95 96 80 81 82 83 84 85 86 88 89 90  # 2356
91 93 94 95 96 80 81 82 83 84 85 86 89 #2284
91 93 94 95 96 80 81 82 83 84 85 86 89 90  # 2324
91 93 94 95 96 80 81 82 83 84 85 87 88 89  # 2320
91 93 94 95 96 80 81 82 83 84 85 87 88 90  # 2280
91 93 94 95 96 80 81 82 83 84 85 87 88 89 90  # 2360
91 93 94 95 96 80 81 82 83 84 85 87 89 #2288
91 93 94 95 96 80 81 82 83 84 85 87 89 90  # 2328
91 93 94 95 96 80 81 82 83 84 85 87 90 #2248
91 93 94 95 96 80 81 82 83 84 85 88 89 #2256
91 93 94 95 96 80 81 82 83 84 85 88 89 90  # 2296
91 93 94 95 96 80 81 82 83 84 85 89 90  # 2264
91 93 94 95 96 80 81 82 83 84 86 87 88 89 90  # 2260
91 93 94 95 96 80 81 82 84 85 86 87 88  # 2252
91 93 94 95 96 80 81 82 84 85 86 87 89  # 2300
91 93 94 95 96 80 81 82 84 85 86 87 88 89  # 2332
91 93 94 95 96 80 81 82 84 85 86 87 90  # 2260
91 93 94 95 96 80 81 82 84 85 86 87 88 90  # 2292
91 93 94 95 96 80 81 82 84 85 86 87 89 90  # 2340
91 93 94 95 96 80 81 82 84 85 86 87 88 89 90  # 2372
91 93 94 95 96 80 81 82 84 85 86 88 89 #2268
91 93 94 95 96 80 81 82 84 85 86 88 89 90  # 2308
91 93 94 95 96 80 81 82 84 85 86 89 90  # 2276
91 93 94 95 96 80 81 82 84 85 87 88 89 #2272
91 93 94 95 96 80 81 82 84 85 87 88 89 90  # 2312
91 93 94 95 96 80 81 82 84 85 87 89 90  # 2280
91 93 94 95 96 80 81 82 84 85 88 89 90  # 2248
91 93 94 95 96 80 81 83 84 85 86 87 88 89 90  # 2276
91 93 94 95 97 80 81 82 83 84 85 86 87 88 89 90  # 2256
91 93 94 96 97 80 81 82 83 84 85 86 87 88 89 #2252
91 93 94 96 97 80 81 82 83 84 85 86 87 88 89 90  # 2292
91 93 94 96 97 80 81 82 83 84 85 86 87 89 90  # 2260
91 93 94 96 80 81 82 83 84 85 86 87 88 89 90  # 2260
91 94 95 96 97 80 81 82 83 84 85 86 87 88 89 90  # 2260
92 93 94 95 96 97 80 81 82 83 84 85 #2308
92 93 94 95 96 97 80 81 82 83 84 85 86  # 2368
92 93 94 95 96 97 80 81 82 83 84 85 87  # 2372
92 93 94 95 96 97 80 81 82 83 84 85 86 87  # 2432
92 93 94 95 96 97 80 81 82 83 84 85 88  # 2340
92 93 94 95 96 97 80 81 82 83 84 85 86 88  # 2400
92 93 94 95 96 97 80 81 82 83 84 85 87 88  # 2404
92 93 94 95 96 97 80 81 82 83 84 85 86 87 88  # 2464
92 93 94 95 96 97 80 81 82 83 84 85 89  # 2388
92 93 94 95 96 97 80 81 82 83 84 85 86 89  # 2448
92 93 94 95 96 97 80 81 82 83 84 85 87 89  # 2452
92 93 94 95 96 97 80 81 82 83 84 85 86 87 89  # 2512
92 93 94 95 96 97 80 81 82 83 84 85 88 89  # 2420
92 93 94 95 96 97 80 81 82 83 84 85 86 88 89  # 2480
92 93 94 95 96 97 80 81 82 83 84 85 87 88 89  # 2484
92 93 94 95 96 97 80 81 82 83 84 85 86 87 88 89  # 2544
92 93 94 95 96 97 80 81 82 83 84 85 90  # 2348
92 93 94 95 96 97 80 81 82 83 84 85 86 90  # 2408
92 93 94 95 96 97 80 81 82 83 84 85 87 90  # 2412
92 93 94 95 96 97 80 81 82 83 84 85 86 87 90  # 2472
92 93 94 95 96 97 80 81 82 83 84 85 88 90  # 2380
92 93 94 95 96 97 80 81 82 83 84 85 86 88 90  # 2440
92 93 94 95 96 97 80 81 82 83 84 85 87 88 90  # 2444
92 93 94 95 96 97 80 81 82 83 84 85 86 87 88 90  # 2504
92 93 94 95 96 97 80 81 82 83 84 85 89 90  # 2428
92 93 94 95 96 97 80 81 82 83 84 85 86 89 90  # 2488
92 93 94 95 96 97 80 81 82 83 84 85 87 89 90  # 2492
92 93 94 95 96 97 80 81 82 83 84 85 86 87 89 90  # 2552
92 93 94 95 96 97 80 81 82 83 84 85 88 89 90  # 2460
92 93 94 95 96 97 80 81 82 83 84 85 86 88 89 90  # 2520
92 93 94 95 96 97 80 81 82 83 84 85 87 88 89 90  # 2524
92 93 94 95 96 97 80 81 82 83 84 85 86 87 88 89 90  # 2584
92 93 94 95 96 97 80 81 82 83 84 86 87 #2272
92 93 94 95 96 97 80 81 82 83 84 86 87 88  # 2304
92 93 94 95 96 97 80 81 82 83 84 86 87 89  # 2352
92 93 94 95 96 97 80 81 82 83 84 86 87 88 89  # 2384
92 93 94 95 96 97 80 81 82 83 84 86 87 90  # 2312
92 93 94 95 96 97 80 81 82 83 84 86 87 88 90  # 2344
92 93 94 95 96 97 80 81 82 83 84 86 87 89 90  # 2392
92 93 94 95 96 97 80 81 82 83 84 86 87 88 89 90  # 2424
92 93 94 95 96 97 80 81 82 83 84 86 88 89  # 2320
92 93 94 95 96 97 80 81 82 83 84 86 88 90  # 2280
92 93 94 95 96 97 80 81 82 83 84 86 88 89 90  # 2360
92 93 94 95 96 97 80 81 82 83 84 86 89 #2288
92 93 94 95 96 97 80 81 82 83 84 86 89 90  # 2328
92 93 94 95 96 97 80 81 82 83 84 86 90 #2248
92 93 94 95 96 97 80 81 82 83 84 87 88 89  # 2324
92 93 94 95 96 97 80 81 82 83 84 87 88 90  # 2284
92 93 94 95 96 97 80 81 82 83 84 87 88 89 90  # 2364
92 93 94 95 96 97 80 81 82 83 84 87 89 #2292
92 93 94 95 96 97 80 81 82 83 84 87 89 90  # 2332
92 93 94 95 96 97 80 81 82 83 84 87 90 #2252
92 93 94 95 96 97 80 81 82 83 84 88 89 #2260
92 93 94 95 96 97 80 81 82 83 84 88 89 90  # 2300
92 93 94 95 96 97 80 81 82 83 84 89 90  # 2268
92 93 94 95 96 97 80 81 82 83 85 86 87 88  # 2268
92 93 94 95 96 97 80 81 82 83 85 86 87 89  # 2316
92 93 94 95 96 97 80 81 82 83 85 86 87 88 89  # 2348
92 93 94 95 96 97 80 81 82 83 85 86 87 90  # 2276
92 93 94 95 96 97 80 81 82 83 85 86 87 88 90  # 2308
92 93 94 95 96 97 80 81 82 83 85 86 87 89 90  # 2356
92 93 94 95 96 97 80 81 82 83 85 86 87 88 89 90  # 2388
92 93 94 95 96 97 80 81 82 83 85 86 88 89 #2284
92 93 94 95 96 97 80 81 82 83 85 86 88 89 90  # 2324
92 93 94 95 96 97 80 81 82 83 85 86 89 #2252
92 93 94 95 96 97 80 81 82 83 85 86 89 90  # 2292
92 93 94 95 96 97 80 81 82 83 85 87 88 89  # 2288
92 93 94 95 96 97 80 81 82 83 85 87 88 90  # 2248
92 93 94 95 96 97 80 81 82 83 85 87 88 89 90  # 2328
92 93 94 95 96 97 80 81 82 83 85 87 89 #2256
92 93 94 95 96 97 80 81 82 83 85 87 89 90  # 2296
92 93 94 95 96 97 80 81 82 83 85 88 89 90  # 2264
92 93 94 95 96 97 80 81 82 84 85 #2260
92 93 94 95 96 97 80 81 82 84 85 86  # 2320
92 93 94 95 96 97 80 81 82 84 85 87  # 2324
92 93 94 95 96 97 80 81 82 84 85 86 87  # 2384
92 93 94 95 96 97 80 81 82 84 85 88  # 2292
92 93 94 95 96 97 80 81 82 84 85 86 88  # 2352
92 93 94 95 96 97 80 81 82 84 85 87 88  # 2356
92 93 94 95 96 97 80 81 82 84 85 86 87 88  # 2416
92 93 94 95 96 97 80 81 82 84 85 89  # 2340
92 93 94 95 96 97 80 81 82 84 85 86 89  # 2400
92 93 94 95 96 97 80 81 82 84 85 87 89  # 2404
92 93 94 95 96 97 80 81 82 84 85 86 87 89  # 2464
92 93 94 95 96 97 80 81 82 84 85 88 89  # 2372
92 93 94 95 96 97 80 81 82 84 85 86 88 89  # 2432
92 93 94 95 96 97 80 81 82 84 85 87 88 89  # 2436
92 93 94 95 96 97 80 81 82 84 85 86 87 88 89  # 2496
92 93 94 95 96 97 80 81 82 84 85 90  # 2300
92 93 94 95 96 97 80 81 82 84 85 86 90  # 2360
92 93 94 95 96 97 80 81 82 84 85 87 90  # 2364
92 93 94 95 96 97 80 81 82 84 85 86 87 90  # 2424
92 93 94 95 96 97 80 81 82 84 85 88 90  # 2332
92 93 94 95 96 97 80 81 82 84 85 86 88 90  # 2392
92 93 94 95 96 97 80 81 82 84 85 87 88 90  # 2396
92 93 94 95 96 97 80 81 82 84 85 86 87 88 90  # 2456
92 93 94 95 96 97 80 81 82 84 85 89 90  # 2380
92 93 94 95 96 97 80 81 82 84 85 86 89 90  # 2440
92 93 94 95 96 97 80 81 82 84 85 87 89 90  # 2444
92 93 94 95 96 97 80 81 82 84 85 86 87 89 90  # 2504
92 93 94 95 96 97 80 81 82 84 85 88 89 90  # 2412
92 93 94 95 96 97 80 81 82 84 85 86 88 89 90  # 2472
92 93 94 95 96 97 80 81 82 84 85 87 88 89 90  # 2476
92 93 94 95 96 97 80 81 82 84 85 86 87 88 89 90  # 2536
92 93 94 95 96 97 80 81 82 84 86 87 88  # 2256
92 93 94 95 96 97 80 81 82 84 86 87 89  # 2304
92 93 94 95 96 97 80 81 82 84 86 87 88 89  # 2336
92 93 94 95 96 97 80 81 82 84 86 87 90  # 2264
92 93 94 95 96 97 80 81 82 84 86 87 88 90  # 2296
92 93 94 95 96 97 80 81 82 84 86 87 89 90  # 2344
92 93 94 95 96 97 80 81 82 84 86 87 88 89 90  # 2376
92 93 94 95 96 97 80 81 82 84 86 88 89 #2272
92 93 94 95 96 97 80 81 82 84 86 88 89 90  # 2312
92 93 94 95 96 97 80 81 82 84 86 89 90  # 2280
92 93 94 95 96 97 80 81 82 84 87 88 89 #2276
92 93 94 95 96 97 80 81 82 84 87 88 89 90  # 2316
92 93 94 95 96 97 80 81 82 84 87 89 90  # 2284
92 93 94 95 96 97 80 81 82 84 88 89 90  # 2252
92 93 94 95 96 97 80 81 82 85 86 87 88 89  # 2300
92 93 94 95 96 97 80 81 82 85 86 87 88 90  # 2260
92 93 94 95 96 97 80 81 82 85 86 87 88 89 90  # 2340
92 93 94 95 96 97 80 81 82 85 86 87 89 #2268
92 93 94 95 96 97 80 81 82 85 86 87 89 90  # 2308
92 93 94 95 96 97 80 81 82 85 86 88 89 90  # 2276
92 93 94 95 96 97 80 81 82 85 87 88 89 90  # 2280
92 93 94 95 96 97 80 81 82 85 87 89 90  # 2248
92 93 94 95 96 97 80 81 83 84 85 86 87  # 2288
92 93 94 95 96 97 80 81 83 84 85 86 88  # 2256
92 93 94 95 96 97 80 81 83 84 85 86 87 88  # 2320
92 93 94 95 96 97 80 81 83 84 85 86 89  # 2304
92 93 94 95 96 97 80 81 83 84 85 86 87 89  # 2368
92 93 94 95 96 97 80 81 83 84 85 86 88 89  # 2336
92 93 94 95 96 97 80 81 83 84 85 86 87 88 89  # 2400
92 93 94 95 96 97 80 81 83 84 85 86 90  # 2264
92 93 94 95 96 97 80 81 83 84 85 86 87 90  # 2328
92 93 94 95 96 97 80 81 83 84 85 86 88 90  # 2296
92 93 94 95 96 97 80 81 83 84 85 86 87 88 90  # 2360
92 93 94 95 96 97 80 81 83 84 85 86 89 90  # 2344
92 93 94 95 96 97 80 81 83 84 85 86 87 89 90  # 2408
92 93 94 95 96 97 80 81 83 84 85 86 88 89 90  # 2376
92 93 94 95 96 97 80 81 83 84 85 86 87 88 89 90  # 2440
92 93 94 95 96 97 80 81 83 84 85 87 88  # 2260
92 93 94 95 96 97 80 81 83 84 85 87 89  # 2308
92 93 94 95 96 97 80 81 83 84 85 87 88 89  # 2340
92 93 94 95 96 97 80 81 83 84 85 87 90  # 2268
92 93 94 95 96 97 80 81 83 84 85 87 88 90  # 2300
92 93 94 95 96 97 80 81 83 84 85 87 89 90  # 2348
92 93 94 95 96 97 80 81 83 84 85 87 88 89 90  # 2380
92 93 94 95 96 97 80 81 83 84 85 88 89 #2276
92 93 94 95 96 97 80 81 83 84 85 88 89 90  # 2316
92 93 94 95 96 97 80 81 83 84 85 89 90  # 2284
92 93 94 95 96 97 80 81 83 84 86 87 88 89 90  # 2280
92 93 94 95 96 97 80 81 83 84 86 87 89 90  # 2248
92 93 94 95 96 97 80 81 84 85 86 87 88  # 2272
92 93 94 95 96 97 80 81 84 85 86 87 89  # 2320
92 93 94 95 96 97 80 81 84 85 86 87 88 89  # 2352
92 93 94 95 96 97 80 81 84 85 86 87 90  # 2280
92 93 94 95 96 97 80 81 84 85 86 87 88 90  # 2312
92 93 94 95 96 97 80 81 84 85 86 87 89 90  # 2360
92 93 94 95 96 97 80 81 84 85 86 87 88 89 90  # 2392
92 93 94 95 96 97 80 81 84 85 86 88 89  # 2288
92 93 94 95 96 97 80 81 84 85 86 88 90  # 2248
92 93 94 95 96 97 80 81 84 85 86 88 89 90  # 2328
92 93 94 95 96 97 80 81 84 85 86 89 #2256
92 93 94 95 96 97 80 81 84 85 86 89 90  # 2296
92 93 94 95 96 97 80 81 84 85 87 88 89  # 2292
92 93 94 95 96 97 80 81 84 85 87 88 90  # 2252
92 93 94 95 96 97 80 81 84 85 87 88 89 90  # 2332
92 93 94 95 96 97 80 81 84 85 87 89 #2260
92 93 94 95 96 97 80 81 84 85 87 89 90  # 2300
92 93 94 95 96 97 80 81 84 85 88 89 90  # 2268
92 93 94 95 96 97 80 82 83 84 85 86 87 88  # 2248
92 93 94 95 96 97 80 82 83 84 85 86 87 89  # 2296
92 93 94 95 96 97 80 82 83 84 85 86 87 88 89  # 2328
92 93 94 95 96 97 80 82 83 84 85 86 87 90  # 2256
92 93 94 95 96 97 80 82 83 84 85 86 87 88 90  # 2288
92 93 94 95 96 97 80 82 83 84 85 86 87 89 90  # 2336
92 93 94 95 96 97 80 82 83 84 85 86 87 88 89 90  # 2368
92 93 94 95 96 97 80 82 83 84 85 86 88 89 #2264
92 93 94 95 96 97 80 82 83 84 85 86 88 89 90  # 2304
92 93 94 95 96 97 80 82 83 84 85 86 89 90  # 2272
92 93 94 95 96 97 80 82 83 84 85 87 88 89 #2268
92 93 94 95 96 97 80 82 83 84 85 87 88 89 90  # 2308
92 93 94 95 96 97 80 82 83 84 85 87 89 90  # 2276
92 93 94 95 96 97 80 82 84 85 86 87 88 89 #2280
92 93 94 95 96 97 80 82 84 85 86 87 88 89 90  # 2320
92 93 94 95 96 97 80 82 84 85 86 87 89 #2248
92 93 94 95 96 97 80 82 84 85 86 87 89 90  # 2288
92 93 94 95 96 97 80 82 84 85 86 88 89 90  # 2256
92 93 94 95 96 97 80 82 84 85 87 88 89 90  # 2260
92 93 94 95 96 80 81 82 83 84 85 #2276
92 93 94 95 96 80 81 82 83 84 85 86  # 2336
92 93 94 95 96 80 81 82 83 84 85 87  # 2340
92 93 94 95 96 80 81 82 83 84 85 86 87  # 2400
92 93 94 95 96 80 81 82 83 84 85 88  # 2308
92 93 94 95 96 80 81 82 83 84 85 86 88  # 2368
92 93 94 95 96 80 81 82 83 84 85 87 88  # 2372
92 93 94 95 96 80 81 82 83 84 85 86 87 88  # 2432
92 93 94 95 96 80 81 82 83 84 85 89  # 2356
92 93 94 95 96 80 81 82 83 84 85 86 89  # 2416
92 93 94 95 96 80 81 82 83 84 85 87 89  # 2420
92 93 94 95 96 80 81 82 83 84 85 86 87 89  # 2480
92 93 94 95 96 80 81 82 83 84 85 88 89  # 2388
92 93 94 95 96 80 81 82 83 84 85 86 88 89  # 2448
92 93 94 95 96 80 81 82 83 84 85 87 88 89  # 2452
92 93 94 95 96 80 81 82 83 84 85 86 87 88 89  # 2512
92 93 94 95 96 80 81 82 83 84 85 90  # 2316
92 93 94 95 96 80 81 82 83 84 85 86 90  # 2376
92 93 94 95 96 80 81 82 83 84 85 87 90  # 2380
92 93 94 95 96 80 81 82 83 84 85 86 87 90  # 2440
92 93 94 95 96 80 81 82 83 84 85 88 90  # 2348
92 93 94 95 96 80 81 82 83 84 85 86 88 90  # 2408
92 93 94 95 96 80 81 82 83 84 85 87 88 90  # 2412
92 93 94 95 96 80 81 82 83 84 85 86 87 88 90  # 2472
92 93 94 95 96 80 81 82 83 84 85 89 90  # 2396
92 93 94 95 96 80 81 82 83 84 85 86 89 90  # 2456
92 93 94 95 96 80 81 82 83 84 85 87 89 90  # 2460
92 93 94 95 96 80 81 82 83 84 85 86 87 89 90  # 2520
92 93 94 95 96 80 81 82 83 84 85 88 89 90  # 2428
92 93 94 95 96 80 81 82 83 84 85 86 88 89 90  # 2488
92 93 94 95 96 80 81 82 83 84 85 87 88 89 90  # 2492
92 93 94 95 96 80 81 82 83 84 85 86 87 88 89 90  # 2552
92 93 94 95 96 80 81 82 83 84 86 87 88  # 2272
92 93 94 95 96 80 81 82 83 84 86 87 89  # 2320
92 93 94 95 96 80 81 82 83 84 86 87 88 89  # 2352
92 93 94 95 96 80 81 82 83 84 86 87 90  # 2280
92 93 94 95 96 80 81 82 83 84 86 87 88 90  # 2312
92 93 94 95 96 80 81 82 83 84 86 87 89 90  # 2360
92 93 94 95 96 80 81 82 83 84 86 87 88 89 90  # 2392
92 93 94 95 96 80 81 82 83 84 86 88 89  # 2288
92 93 94 95 96 80 81 82 83 84 86 88 90  # 2248
92 93 94 95 96 80 81 82 83 84 86 88 89 90  # 2328
92 93 94 95 96 80 81 82 83 84 86 89 #2256
92 93 94 95 96 80 81 82 83 84 86 89 90  # 2296
92 93 94 95 96 80 81 82 83 84 87 88 89  # 2292
92 93 94 95 96 80 81 82 83 84 87 88 90  # 2252
92 93 94 95 96 80 81 82 83 84 87 88 89 90  # 2332
92 93 94 95 96 80 81 82 83 84 87 89 #2260
92 93 94 95 96 80 81 82 83 84 87 89 90  # 2300
92 93 94 95 96 80 81 82 83 84 88 89 90  # 2268
92 93 94 95 96 80 81 82 83 85 86 87 88 89  # 2316
92 93 94 95 96 80 81 82 83 85 86 87 88 90  # 2276
92 93 94 95 96 80 81 82 83 85 86 87 88 89 90  # 2356
92 93 94 95 96 80 81 82 83 85 86 87 89 #2284
92 93 94 95 96 80 81 82 83 85 86 87 89 90  # 2324
92 93 94 95 96 80 81 82 83 85 86 88 89 #2252
92 93 94 95 96 80 81 82 83 85 86 88 89 90  # 2292
92 93 94 95 96 80 81 82 83 85 86 89 90  # 2260
92 93 94 95 96 80 81 82 83 85 87 88 89 #2256
92 93 94 95 96 80 81 82 83 85 87 88 89 90  # 2296
92 93 94 95 96 80 81 82 83 85 87 89 90  # 2264
92 93 94 95 96 80 81 82 84 85 86  # 2288
92 93 94 95 96 80 81 82 84 85 87  # 2292
92 93 94 95 96 80 81 82 84 85 86 87  # 2352
92 93 94 95 96 80 81 82 84 85 88  # 2260
92 93 94 95 96 80 81 82 84 85 86 88  # 2320
92 93 94 95 96 80 81 82 84 85 87 88  # 2324
92 93 94 95 96 80 81 82 84 85 86 87 88  # 2384
92 93 94 95 96 80 81 82 84 85 89  # 2308
92 93 94 95 96 80 81 82 84 85 86 89  # 2368
92 93 94 95 96 80 81 82 84 85 87 89  # 2372
92 93 94 95 96 80 81 82 84 85 86 87 89  # 2432
92 93 94 95 96 80 81 82 84 85 88 89  # 2340
92 93 94 95 96 80 81 82 84 85 86 88 89  # 2400
92 93 94 95 96 80 81 82 84 85 87 88 89  # 2404
92 93 94 95 96 80 81 82 84 85 86 87 88 89  # 2464
92 93 94 95 96 80 81 82 84 85 90  # 2268
92 93 94 95 96 80 81 82 84 85 86 90  # 2328
92 93 94 95 96 80 81 82 84 85 87 90  # 2332
92 93 94 95 96 80 81 82 84 85 86 87 90  # 2392
92 93 94 95 96 80 81 82 84 85 88 90  # 2300
92 93 94 95 96 80 81 82 84 85 86 88 90  # 2360
92 93 94 95 96 80 81 82 84 85 87 88 90  # 2364
92 93 94 95 96 80 81 82 84 85 86 87 88 90  # 2424
92 93 94 95 96 80 81 82 84 85 89 90  # 2348
92 93 94 95 96 80 81 82 84 85 86 89 90  # 2408
92 93 94 95 96 80 81 82 84 85 87 89 90  # 2412
92 93 94 95 96 80 81 82 84 85 86 87 89 90  # 2472
92 93 94 95 96 80 81 82 84 85 88 89 90  # 2380
92 93 94 95 96 80 81 82 84 85 86 88 89 90  # 2440
92 93 94 95 96 80 81 82 84 85 87 88 89 90  # 2444
92 93 94 95 96 80 81 82 84 85 86 87 88 89 90  # 2504
92 93 94 95 96 80 81 82 84 86 87 88 89  # 2304
92 93 94 95 96 80 81 82 84 86 87 88 90  # 2264
92 93 94 95 96 80 81 82 84 86 87 88 89 90  # 2344
92 93 94 95 96 80 81 82 84 86 87 89 #2272
92 93 94 95 96 80 81 82 84 86 87 89 90  # 2312
92 93 94 95 96 80 81 82 84 86 88 89 90  # 2280
92 93 94 95 96 80 81 82 84 86 89 90  # 2248
92 93 94 95 96 80 81 82 84 87 88 89 90  # 2284
92 93 94 95 96 80 81 82 84 87 89 90  # 2252
92 93 94 95 96 80 81 82 85 86 87 88 89 #2268
92 93 94 95 96 80 81 82 85 86 87 88 89 90  # 2308
92 93 94 95 96 80 81 82 85 86 87 89 90  # 2276
92 93 94 95 96 80 81 82 85 87 88 89 90  # 2248
92 93 94 95 96 80 81 83 84 85 86 87 #2256
92 93 94 95 96 80 81 83 84 85 86 87 88  # 2288
92 93 94 95 96 80 81 83 84 85 86 87 89  # 2336
92 93 94 95 96 80 81 83 84 85 86 87 88 89  # 2368
92 93 94 95 96 80 81 83 84 85 86 87 90  # 2296
92 93 94 95 96 80 81 83 84 85 86 87 88 90  # 2328
92 93 94 95 96 80 81 83 84 85 86 87 89 90  # 2376
92 93 94 95 96 80 81 83 84 85 86 87 88 89 90  # 2408
92 93 94 95 96 80 81 83 84 85 86 88 89  # 2304
92 93 94 95 96 80 81 83 84 85 86 88 90  # 2264
92 93 94 95 96 80 81 83 84 85 86 88 89 90  # 2344
92 93 94 95 96 80 81 83 84 85 86 89 #2272
92 93 94 95 96 80 81 83 84 85 86 89 90  # 2312
92 93 94 95 96 80 81 83 84 85 87 88 89  # 2308
92 93 94 95 96 80 81 83 84 85 87 88 90  # 2268
92 93 94 95 96 80 81 83 84 85 87 88 89 90  # 2348
92 93 94 95 96 80 81 83 84 85 87 89 #2276
92 93 94 95 96 80 81 83 84 85 87 89 90  # 2316
92 93 94 95 96 80 81 83 84 85 88 89 90  # 2284
92 93 94 95 96 80 81 83 84 85 89 90  # 2252
92 93 94 95 96 80 81 83 84 86 87 88 89 90  # 2248
92 93 94 95 96 80 81 84 85 86 87 88 89  # 2320
92 93 94 95 96 80 81 84 85 86 87 88 90  # 2280
92 93 94 95 96 80 81 84 85 86 87 88 89 90  # 2360
92 93 94 95 96 80 81 84 85 86 87 89 #2288
92 93 94 95 96 80 81 84 85 86 87 89 90  # 2328
92 93 94 95 96 80 81 84 85 86 87 90 #2248
92 93 94 95 96 80 81 84 85 86 88 89 #2256
92 93 94 95 96 80 81 84 85 86 88 89 90  # 2296
92 93 94 95 96 80 81 84 85 86 89 90  # 2264
92 93 94 95 96 80 81 84 85 87 88 89 #2260
92 93 94 95 96 80 81 84 85 87 88 89 90  # 2300
92 93 94 95 96 80 81 84 85 87 89 90  # 2268
92 93 94 95 96 80 82 83 84 85 86 87 88 89  # 2296
92 93 94 95 96 80 82 83 84 85 86 87 88 90  # 2256
92 93 94 95 96 80 82 83 84 85 86 87 88 89 90  # 2336
92 93 94 95 96 80 82 83 84 85 86 87 89 #2264
92 93 94 95 96 80 82 83 84 85 86 87 89 90  # 2304
92 93 94 95 96 80 82 83 84 85 86 88 89 90  # 2272
92 93 94 95 96 80 82 83 84 85 87 88 89 90  # 2276
92 93 94 95 96 80 82 84 85 86 87 88 89 #2248
92 93 94 95 96 80 82 84 85 86 87 88 89 90  # 2288
92 93 94 95 96 80 82 84 85 86 87 89 90  # 2256
92 93 94 95 97 80 81 82 83 84 85 86 87 88  # 2268
92 93 94 95 97 80 81 82 83 84 85 86 87 89  # 2316
92 93 94 95 97 80 81 82 83 84 85 86 87 88 89  # 2348
92 93 94 95 97 80 81 82 83 84 85 86 87 90  # 2276
92 93 94 95 97 80 81 82 83 84 85 86 87 88 90  # 2308
92 93 94 95 97 80 81 82 83 84 85 86 87 89 90  # 2356
92 93 94 95 97 80 81 82 83 84 85 86 87 88 89 90  # 2388
92 93 94 95 97 80 81 82 83 84 85 86 88 89 #2284
92 93 94 95 97 80 81 82 83 84 85 86 88 89 90  # 2324
92 93 94 95 97 80 81 82 83 84 85 86 89 #2252
92 93 94 95 97 80 81 82 83 84 85 86 89 90  # 2292
92 93 94 95 97 80 81 82 83 84 85 87 88 89  # 2288
92 93 94 95 97 80 81 82 83 84 85 87 88 90  # 2248
92 93 94 95 97 80 81 82 83 84 85 87 88 89 90  # 2328
92 93 94 95 97 80 81 82 83 84 85 87 89 #2256
92 93 94 95 97 80 81 82 83 84 85 87 89 90  # 2296
92 93 94 95 97 80 81 82 83 84 85 88 89 90  # 2264
92 93 94 95 97 80 81 82 84 85 86 87 88 89  # 2300
92 93 94 95 97 80 81 82 84 85 86 87 88 90  # 2260
92 93 94 95 97 80 81 82 84 85 86 87 88 89 90  # 2340
92 93 94 95 97 80 81 82 84 85 86 87 89 #2268
92 93 94 95 97 80 81 82 84 85 86 87 89 90  # 2308
92 93 94 95 97 80 81 82 84 85 86 88 89 90  # 2276
92 93 94 95 97 80 81 82 84 85 87 88 89 90  # 2280
92 93 94 95 97 80 81 82 84 85 87 89 90  # 2248
92 93 94 95 80 81 82 83 84 85 86 87 88 89  # 2316
92 93 94 95 80 81 82 83 84 85 86 87 88 90  # 2276
92 93 94 95 80 81 82 83 84 85 86 87 88 89 90  # 2356
92 93 94 95 80 81 82 83 84 85 86 87 89 #2284
92 93 94 95 80 81 82 83 84 85 86 87 89 90  # 2324
92 93 94 95 80 81 82 83 84 85 86 88 89 #2252
92 93 94 95 80 81 82 83 84 85 86 88 89 90  # 2292
92 93 94 95 80 81 82 83 84 85 86 89 90  # 2260
92 93 94 95 80 81 82 83 84 85 87 88 89 #2256
92 93 94 95 80 81 82 83 84 85 87 88 89 90  # 2296
92 93 94 95 80 81 82 83 84 85 87 89 90  # 2264
92 93 94 95 80 81 82 84 85 86 87 88 89 #2268
92 93 94 95 80 81 82 84 85 86 87 88 89 90  # 2308
92 93 94 95 80 81 82 84 85 86 87 89 90  # 2276
92 93 94 95 80 81 82 84 85 87 88 89 90  # 2248
92 93 94 96 97 80 81 82 83 84 85 86 87 #2272
92 93 94 96 97 80 81 82 83 84 85 86 87 88  # 2304
92 93 94 96 97 80 81 82 83 84 85 86 87 89  # 2352
92 93 94 96 97 80 81 82 83 84 85 86 87 88 89  # 2384
92 93 94 96 97 80 81 82 83 84 85 86 87 90  # 2312
92 93 94 96 97 80 81 82 83 84 85 86 87 88 90  # 2344
92 93 94 96 97 80 81 82 83 84 85 86 87 89 90  # 2392
92 93 94 96 97 80 81 82 83 84 85 86 87 88 89 90  # 2424
92 93 94 96 97 80 81 82 83 84 85 86 88 89  # 2320
92 93 94 96 97 80 81 82 83 84 85 86 88 90  # 2280
92 93 94 96 97 80 81 82 83 84 85 86 88 89 90  # 2360
92 93 94 96 97 80 81 82 83 84 85 86 89 #2288
92 93 94 96 97 80 81 82 83 84 85 86 89 90  # 2328
92 93 94 96 97 80 81 82 83 84 85 86 90 #2248
92 93 94 96 97 80 81 82 83 84 85 87 88 89  # 2324
92 93 94 96 97 80 81 82 83 84 85 87 88 90  # 2284
92 93 94 96 97 80 81 82 83 84 85 87 88 89 90  # 2364
92 93 94 96 97 80 81 82 83 84 85 87 89 #2292
92 93 94 96 97 80 81 82 83 84 85 87 89 90  # 2332
92 93 94 96 97 80 81 82 83 84 85 87 90 #2252
92 93 94 96 97 80 81 82 83 84 85 88 89 #2260
92 93 94 96 97 80 81 82 83 84 85 88 89 90  # 2300
92 93 94 96 97 80 81 82 83 84 85 89 90  # 2268
92 93 94 96 97 80 81 82 83 84 86 87 88 89 90  # 2264
92 93 94 96 97 80 81 82 84 85 86 87 88  # 2256
92 93 94 96 97 80 81 82 84 85 86 87 89  # 2304
92 93 94 96 97 80 81 82 84 85 86 87 88 89  # 2336
92 93 94 96 97 80 81 82 84 85 86 87 90  # 2264
92 93 94 96 97 80 81 82 84 85 86 87 88 90  # 2296
92 93 94 96 97 80 81 82 84 85 86 87 89 90  # 2344
92 93 94 96 97 80 81 82 84 85 86 87 88 89 90  # 2376
92 93 94 96 97 80 81 82 84 85 86 88 89 #2272
92 93 94 96 97 80 81 82 84 85 86 88 89 90  # 2312
92 93 94 96 97 80 81 82 84 85 86 89 90  # 2280
92 93 94 96 97 80 81 82 84 85 87 88 89 #2276
92 93 94 96 97 80 81 82 84 85 87 88 89 90  # 2316
92 93 94 96 97 80 81 82 84 85 87 89 90  # 2284
92 93 94 96 97 80 81 82 84 85 88 89 90  # 2252
92 93 94 96 97 80 81 83 84 85 86 87 88 89 90  # 2280
92 93 94 96 97 80 81 83 84 85 86 87 89 90  # 2248
92 93 94 96 80 81 82 83 84 85 86 87 88  # 2272
92 93 94 96 80 81 82 83 84 85 86 87 89  # 2320
92 93 94 96 80 81 82 83 84 85 86 87 88 89  # 2352
92 93 94 96 80 81 82 83 84 85 86 87 90  # 2280
92 93 94 96 80 81 82 83 84 85 86 87 88 90  # 2312
92 93 94 96 80 81 82 83 84 85 86 87 89 90  # 2360
92 93 94 96 80 81 82 83 84 85 86 87 88 89 90  # 2392
92 93 94 96 80 81 82 83 84 85 86 88 89  # 2288
92 93 94 96 80 81 82 83 84 85 86 88 90  # 2248
92 93 94 96 80 81 82 83 84 85 86 88 89 90  # 2328
92 93 94 96 80 81 82 83 84 85 86 89 #2256
92 93 94 96 80 81 82 83 84 85 86 89 90  # 2296
92 93 94 96 80 81 82 83 84 85 87 88 89  # 2292
92 93 94 96 80 81 82 83 84 85 87 88 90  # 2252
92 93 94 96 80 81 82 83 84 85 87 88 89 90  # 2332
92 93 94 96 80 81 82 83 84 85 87 89 #2260
92 93 94 96 80 81 82 83 84 85 87 89 90  # 2300
92 93 94 96 80 81 82 83 84 85 88 89 90  # 2268
92 93 94 96 80 81 82 84 85 86 87 88 89  # 2304
92 93 94 96 80 81 82 84 85 86 87 88 90  # 2264
92 93 94 96 80 81 82 84 85 86 87 88 89 90  # 2344
92 93 94 96 80 81 82 84 85 86 87 89 #2272
92 93 94 96 80 81 82 84 85 86 87 89 90  # 2312
92 93 94 96 80 81 82 84 85 86 88 89 90  # 2280
92 93 94 96 80 81 82 84 85 86 89 90  # 2248
92 93 94 96 80 81 82 84 85 87 88 89 90  # 2284
92 93 94 96 80 81 82 84 85 87 89 90  # 2252
92 93 94 96 80 81 83 84 85 86 87 88 89 90  # 2248
92 94 95 96 97 80 81 82 83 84 85 86 87 88  # 2272
92 94 95 96 97 80 81 82 83 84 85 86 87 89  # 2320
92 94 95 96 97 80 81 82 83 84 85 86 87 88 89  # 2352
92 94 95 96 97 80 81 82 83 84 85 86 87 90  # 2280
92 94 95 96 97 80 81 82 83 84 85 86 87 88 90  # 2312
92 94 95 96 97 80 81 82 83 84 85 86 87 89 90  # 2360
92 94 95 96 97 80 81 82 83 84 85 86 87 88 89 90  # 2392
92 94 95 96 97 80 81 82 83 84 85 86 88 89  # 2288
92 94 95 96 97 80 81 82 83 84 85 86 88 90  # 2248
92 94 95 96 97 80 81 82 83 84 85 86 88 89 90  # 2328
92 94 95 96 97 80 81 82 83 84 85 86 89 #2256
92 94 95 96 97 80 81 82 83 84 85 86 89 90  # 2296
92 94 95 96 97 80 81 82 83 84 85 87 88 89  # 2292
92 94 95 96 97 80 81 82 83 84 85 87 88 90  # 2252
92 94 95 96 97 80 81 82 83 84 85 87 88 89 90  # 2332
92 94 95 96 97 80 81 82 83 84 85 87 89 #2260
92 94 95 96 97 80 81 82 83 84 85 87 89 90  # 2300
92 94 95 96 97 80 81 82 83 84 85 88 89 90  # 2268
92 94 95 96 97 80 81 82 84 85 86 87 88 89  # 2304
92 94 95 96 97 80 81 82 84 85 86 87 88 90  # 2264
92 94 95 96 97 80 81 82 84 85 86 87 88 89 90  # 2344
92 94 95 96 97 80 81 82 84 85 86 87 89 #2272
92 94 95 96 97 80 81 82 84 85 86 87 89 90  # 2312
92 94 95 96 97 80 81 82 84 85 86 88 89 90  # 2280
92 94 95 96 97 80 81 82 84 85 86 89 90  # 2248
92 94 95 96 97 80 81 82 84 85 87 88 89 90  # 2284
92 94 95 96 97 80 81 82 84 85 87 89 90  # 2252
92 94 95 96 97 80 81 83 84 85 86 87 88 89 90  # 2248
92 94 95 96 80 81 82 83 84 85 86 87 88 89  # 2320
92 94 95 96 80 81 82 83 84 85 86 87 88 90  # 2280
92 94 95 96 80 81 82 83 84 85 86 87 88 89 90  # 2360
92 94 95 96 80 81 82 83 84 85 86 87 89 #2288
92 94 95 96 80 81 82 83 84 85 86 87 89 90  # 2328
92 94 95 96 80 81 82 83 84 85 86 87 90 #2248
92 94 95 96 80 81 82 83 84 85 86 88 89 #2256
92 94 95 96 80 81 82 83 84 85 86 88 89 90  # 2296
92 94 95 96 80 81 82 83 84 85 86 89 90  # 2264
92 94 95 96 80 81 82 83 84 85 87 88 89 #2260
92 94 95 96 80 81 82 83 84 85 87 88 89 90  # 2300
92 94 95 96 80 81 82 83 84 85 87 89 90  # 2268
92 94 95 96 80 81 82 84 85 86 87 88 89 #2272
92 94 95 96 80 81 82 84 85 86 87 88 89 90  # 2312
92 94 95 96 80 81 82 84 85 86 87 89 90  # 2280
92 94 95 96 80 81 82 84 85 86 88 89 90  # 2248
92 94 95 96 80 81 82 84 85 87 88 89 90  # 2252
93 94 95 96 97 80 81 82 83 84 85 86 87 #2252
93 94 95 96 97 80 81 82 83 84 85 86 87 88  # 2284
93 94 95 96 97 80 81 82 83 84 85 86 87 89  # 2332
93 94 95 96 97 80 81 82 83 84 85 86 87 88 89  # 2364
93 94 95 96 97 80 81 82 83 84 85 86 87 90  # 2292
93 94 95 96 97 80 81 82 83 84 85 86 87 88 90  # 2324
93 94 95 96 97 80 81 82 83 84 85 86 87 89 90  # 2372
93 94 95 96 97 80 81 82 83 84 85 86 87 88 89 90  # 2404
93 94 95 96 97 80 81 82 83 84 85 86 88 89  # 2300
93 94 95 96 97 80 81 82 83 84 85 86 88 90  # 2260
93 94 95 96 97 80 81 82 83 84 85 86 88 89 90  # 2340
93 94 95 96 97 80 81 82 83 84 85 86 89 #2268
93 94 95 96 97 80 81 82 83 84 85 86 89 90  # 2308
93 94 95 96 97 80 81 82 83 84 85 87 88 89  # 2304
93 94 95 96 97 80 81 82 83 84 85 87 88 90  # 2264
93 94 95 96 97 80 81 82 83 84 85 87 88 89 90  # 2344
93 94 95 96 97 80 81 82 83 84 85 87 89 #2272
93 94 95 96 97 80 81 82 83 84 85 87 89 90  # 2312
93 94 95 96 97 80 81 82 83 84 85 88 89 90  # 2280
93 94 95 96 97 80 81 82 83 84 85 89 90  # 2248
93 94 95 96 97 80 81 82 84 85 86 87 88 89  # 2316
93 94 95 96 97 80 81 82 84 85 86 87 88 90  # 2276
93 94 95 96 97 80 81 82 84 85 86 87 88 89 90  # 2356
93 94 95 96 97 80 81 82 84 85 86 87 89 #2284
93 94 95 96 97 80 81 82 84 85 86 87 89 90  # 2324
93 94 95 96 97 80 81 82 84 85 86 88 89 #2252
93 94 95 96 97 80 81 82 84 85 86 88 89 90  # 2292
93 94 95 96 97 80 81 82 84 85 86 89 90  # 2260
93 94 95 96 97 80 81 82 84 85 87 88 89 #2256
93 94 95 96 97 80 81 82 84 85 87 88 89 90  # 2296
93 94 95 96 97 80 81 82 84 85 87 89 90  # 2264
93 94 95 96 97 80 81 83 84 85 86 87 88 89 90  # 2260
93 94 95 96 80 81 82 83 84 85 86 87 88  # 2252
93 94 95 96 80 81 82 83 84 85 86 87 89  # 2300
93 94 95 96 80 81 82 83 84 85 86 87 88 89  # 2332
93 94 95 96 80 81 82 83 84 85 86 87 90  # 2260
93 94 95 96 80 81 82 83 84 85 86 87 88 90  # 2292
93 94 95 96 80 81 82 83 84 85 86 87 89 90  # 2340
93 94 95 96 80 81 82 83 84 85 86 87 88 89 90  # 2372
93 94 95 96 80 81 82 83 84 85 86 88 89 #2268
93 94 95 96 80 81 82 83 84 85 86 88 89 90  # 2308
93 94 95 96 80 81 82 83 84 85 86 89 90  # 2276
93 94 95 96 80 81 82 83 84 85 87 88 89 #2272
93 94 95 96 80 81 82 83 84 85 87 88 89 90  # 2312
93 94 95 96 80 81 82 83 84 85 87 89 90  # 2280
93 94 95 96 80 81 82 83 84 85 88 89 90  # 2248
93 94 95 96 80 81 82 84 85 86 87 88 89 #2284
93 94 95 96 80 81 82 84 85 86 87 88 89 90  # 2324
93 94 95 96 80 81 82 84 85 86 87 89 #2252
93 94 95 96 80 81 82 84 85 86 87 89 90  # 2292
93 94 95 96 80 81 82 84 85 86 88 89 90  # 2260
93 94 95 96 80 81 82 84 85 87 88 89 90  # 2264
