0 1 2 3 4 5 6:57:1 4 6 3 8 8 27
7 8 9 10 11 12 13 14 15 16 17 18 19 20 21 22 23 24 25:236:63 2 4 8 8 15 8 4 9 6 16 3 4 10 21 32 9 8 6
26 27 28:28:2 10 16
29 30 31 32 33 34 35 36:66:8 4 3 6 12 21 3 9
37 38 39 40 41 42 43 44 45 46 47:141:12 10 1 24 12 20 14 12 18 8 10
48 49 50 51 52 53 54:108:4 12 6 15 42 5 24
55 56 57 58 59 60:53:2 8 9 6 10 18
61 62 63 64 65 66 67 68 69 70 71 72 73 74 75 76 77 78:197:2 3 32 18 5 10 18 3 8 7 24 4 5 15 3 24 6 10
79 80 81 82 83 84 85 86 87 88 89 90:194:5 32 18 18 20 42 20 3 4 8 12 12
91 92 93 94 95 96 97 98 99:175:6 25 6 36 40 14 12 30 6
3 4 5 6 7 8 9 10 11 12 13 14 15 16 17 18 19 20:184:2 3 12 6 27 2 4 18 7 6 2 16 24 5 32 3 3 12
21 22 23 24 25 26 27 28 29 30 31 32 33 34 35:133:6 4 4 10 21 16 18 8 4 2 5 8 12 6 9
36 37 38 39 40 41 42 43 44:122:18 12 35 1 12 16 8 2 18
45 46 47 48 49 50 51 52 53 54 55:146:6 5 14 16 27 24 25 7 4 12 6
56 57 58 59 60 61 62 63 64 65 66 67:148:24 15 4 5 12 3 18 16 27 10 2 12
68 69 70 71 72 73 74 75 76 77 78 79:136:2 4 35 36 6 10 3 4 8 3 10 15
80 81 82 83 84 85 86 87 88 89 90 91 92 93 94 95 96 97:354:48 18 30 4 28 10 9 10 6 16 2 6 40 18 54 16 35 4
0 1 2 3 4 5 6:49:8 10 1 4 2 6 18
7 8 9 10 11 12 13 14 15 16 17 18 19 20 21 22 23 24:223:36 7 4 6 4 6 2 24 9 5 56 12 9 16 15 4 4 4
25 26 27 28 29 30 31 32 33 34 35 36 37 38 39 40:151:9 12 10 8 2 4 3 6 6 9 6 3 12 40 5 16
41 42 43 44 45 46 47 48 49 50 51 52 53 54 55 56 57:232:4 12 12 6 2 4 10 28 24 27 20 14 1 30 16 16 6
58 59 60 61 62 63 64 65 66 67 68 69 70 71 72 73:311:3 30 24 7 3 24 36 10 2 18 3 20 49 24 18 40
74 75 76 77 78 79 80 81 82 83 84 85 86 87 88 89 90 91 92 93 94 95 96 97 98 99:410:15 1 16 6 6 30 40 36 6 8 21 30 6 6 2 4 8 6 5 30 54 24 14 4 20 12
0 1 2 3 4 5 6:57:1 4 6 3 8 8 27
7 8 9 10 11 12 13 14 15 16 17 18 19 20 21 22 23 24 25:236:63 2 4 8 8 15 8 4 9 6 16 3 4 10 21 32 9 8 6
26 27 28:28:2 10 16
29 30 31 32 33 34 35 36:66:8 4 3 6 12 21 3 9
37 38 39 40 41 42 43 44 45 46 47:141:12 10 1 24 12 20 14 12 18 8 10
48 49 50 51 52 53 54:108:4 12 6 15 42 5 24
55 56 57 58 59 60:53:2 8 9 6 10 18
61 62 63 64 65 66 67 68 69 70 71 72 73 74 75 76 77 78:197:2 3 32 18 5 10 18 3 8 7 24 4 5 15 3 24 6 10
79 80 81 82 83 84 85 86 87 88 89 90:194:5 32 18 18 20 42 20 3 4 8 12 12
91 92 93 94 95 96 97 98 99:175:6 25 6 36 40 14 12 30 6
3 4 5 6 7 8 9 10 11 12 13 14 15 16 17 18 19 20:184:2 3 12 6 27 2 4 18 7 6 2 16 24 5 32 3 3 12
21 22 23 24 25 26 27 28 29 30 31 32 33 34 35:133:6 4 4 10 21 16 18 8 4 2 5 8 12 6 9
36 37 38 39 40 41 42 43 44:122:18 12 35 1 12 16 8 2 18
45 46 47 48 49 50 51 52 53 54 55:146:6 5 14 16 27 24 25 7 4 12 6
56 57 58 59 60 61 62 63 64 65 66 67:148:24 15 4 5 12 3 18 16 27 10 2 12
68 69 70 71 72 73 74 75 76 77 78 79:136:2 4 35 36 6 10 3 4 8 3 10 15
80 81 82 83 84 85 86 87 88 89 90 91 92 93 94 95 96 97:354:48 18 30 4 28 10 9 10 6 16 2 6 40 18 54 16 35 4
0 1 2 3 4 5 6:49:8 10 1 4 2 6 18
7 8 9 10 11 12 13 14 15 16 17 18 19 20 21 22 23 24:223:36 7 4 6 4 6 2 24 9 5 56 12 9 16 15 4 4 4
25 26 27 28 29 30 31 32 33 34 35 36 37 38 39 40:151:9 12 10 8 2 4 3 6 6 9 6 3 12 40 5 16
41 42 43 44 45 46 47 48 49 50 51 52 53 54 55 56 57:232:4 12 12 6 2 4 10 28 24 27 20 14 1 30 16 16 6
58 59 60 61 62 63 64 65 66 67 68 69 70 71 72 73:311:3 30 24 7 3 24 36 10 2 18 3 20 49 24 18 40
74 75 76 77 78 79 80 81 82 83 84 85 86 87 88 89 90 91 92 93 94 95 96 97 98 99:410:15 1 16 6 6 30 40 36 6 8 21 30 6 6 2 4 8 6 5 30 54 24 14 4 20 12
0 1 2 3 4 5 6:57:1 4 6 3 8 8 27
7 8 9 10 11 12 13 14 15 16 17 18 19 20 21 22 23 24 25:236:63 2 4 8 8 15 8 4 9 6 16 3 4 10 21 32 9 8 6
26 27 28:28:2 10 16
29 30 31 32 33 34 35 36:66:8 4 3 6 12 21 3 9
37 38 39 40 41 42 43 44 45 46 47:141:12 10 1 24 12 20 14 12 18 8 10
48 49 50 51 52 53 54:108:4 12 6 15 42 5 24
55 56 57 58 59 60:53:2 8 9 6 10 18
61 62 63 64 65 66 67 68 69 70 71 72 73 74 75 76 77 78:197:2 3 32 18 5 10 18 3 8 7 24 4 5 15 3 24 6 10
79 80 81 82 83 84 85 86 87 88 89 90:194:5 32 18 18 20 42 20 3 4 8 12 12
91 92 93 94 95 96 97 98 99:175:6 25 6 36 40 14 12 30 6
3 4 5 6 7 8 9 10 11 12 13 14 15 16 17 18 19 20:184:2 3 12 6 27 2 4 18 7 6 2 16 24 5 32 3 3 12
21 22 23 24 25 26 27 28 29 30 31 32 33 34 35:133:6 4 4 10 21 16 18 8 4 2 5 8 12 6 9
36 37 38 39 40 41 42 43 44:122:18 12 35 1 12 16 8 2 18
45 46 47 48 49 50 51 52 53 54 55:146:6 5 14 16 27 24 25 7 4 12 6
56 57 58 59 60 61 62 63 64 65 66 67:148:24 15 4 5 12 3 18 16 27 10 2 12
68 69 70 71 72 73 74 75 76 77 78 79:136:2 4 35 36 6 10 3 4 8 3 10 15
80 81 82 83 84 85 86 87 88 89 90 91 92 93 94 95 96 97:354:48 18 30 4 28 10 9 10 6 16 2 6 40 18 54 16 35 4
0 1 2 3 4 5 6:49:8 10 1 4 2 6 18
7 8 9 10 11 12 13 14 15 16 17 18 19 20 21 22 23 24:223:36 7 4 6 4 6 2 24 9 5 56 12 9 16 15 4 4 4
25 26 27 28 29 30 31 32 33 34 35 36 37 38 39 40:151:9 12 10 8 2 4 3 6 6 9 6 3 12 40 5 16
41 42 43 44 45 46 47 48 49 50 51 52 53 54 55 56 57:232:4 12 12 6 2 4 10 28 24 27 20 14 1 30 16 16 6
58 59 60 61 62 63 64 65 66 67 68 69 70 71 72 73:311:3 30 24 7 3 24 36 10 2 18 3 20 49 24 18 40
74 75 76 77 78 79 80 81 82 83 84 85 86 87 88 89 90 91 92 93 94 95 96 97 98 99:410:15 1 16 6 6 30 40 36 6 8 21 30 6 6 2 4 8 6 5 30 54 24 14 4 20 12
0 1 2 3 4 5 6 7 8 9 10 11 12 13 14 15 16 17 18 19 20 21 22 23 24 25:293:1 4 6 3 8 8 27 63 2 4 8 8 15 8 4 9 6 16 3 4 10 21 32 9 8 6
26 27 28:28:2 10 16
29 30 31 32 33 34 35 36:66:8 4 3 6 12 21 3 9
37 38 39 40 41 42 43 44 45 46 47:141:12 10 1 24 12 20 14 12 18 8 10
48 49 50 51 52 53 54:108:4 12 6 15 42 5 24
55 56 57 58 59 60:53:2 8 9 6 10 18
61 62 63 64 65 66 67 68 69 70 71 72 73 74 75 76 77 78:197:2 3 32 18 5 10 18 3 8 7 24 4 5 15 3 24 6 10
79 80 81 82 83 84 85 86 87 88 89 90:194:5 32 18 18 20 42 20 3 4 8 12 12
91 92 93 94 95 96 97 98 99:175:6 25 6 36 40 14 12 30 6
3 4 5 6 7 8 9 10 11 12 13 14 15 16 17 18 19 20:184:2 3 12 6 27 2 4 18 7 6 2 16 24 5 32 3 3 12
21 22 23 24 25 26 27 28 29 30 31 32 33 34 35:133:6 4 4 10 21 16 18 8 4 2 5 8 12 6 9
36 37 38 39 40 41 42 43 44:122:18 12 35 1 12 16 8 2 18
45 46 47 48 49 50 51 52 53 54 55 56 57 58 59 60 61 62 63 64 65 66 67:294:6 5 14 16 27 24 25 7 4 12 6 24 15 4 5 12 3 18 16 27 10 2 12
68 69 70 71 72 73 74 75 76 77 78 79:136:2 4 35 36 6 10 3 4 8 3 10 15
80 81 82 83 84 85 86 87 88 89 90 91 92 93 94 95 96 97:354:48 18 30 4 28 10 9 10 6 16 2 6 40 18 54 16 35 4
0 1 2 3 4 5 6:49:8 10 1 4 2 6 18
7 8 9 10 11 12 13 14 15 16 17 18 19 20 21 22 23 24:223:36 7 4 6 4 6 2 24 9 5 56 12 9 16 15 4 4 4
25 26 27 28 29 30 31 32 33 34 35 36 37 38 39 40:151:9 12 10 8 2 4 3 6 6 9 6 3 12 40 5 16
41 42 43 44 45 46 47 48 49 50 51 52 53 54 55 56 57:232:4 12 12 6 2 4 10 28 24 27 20 14 1 30 16 16 6
58 59 60 61 62 63 64 65 66 67 68 69 70 71 72 73:311:3 30 24 7 3 24 36 10 2 18 3 20 49 24 18 40
74 75 76 77 78 79 80 81 82 83 84 85 86 87 88 89 90 91 92 93 94 95 96 97 98 99:410:15 1 16 6 6 30 40 36 6 8 21 30 6 6 2 4 8 6 5 30 54 24 14 4 20 12
